15
    5    7    9    2    7    2    4    1    2   16    1    1    7    6    1
 0 0 0 0 0 0 0 0 0 1 0 0 0 1 0
 0 0 0 0 1 0 0 0 0 1 0 0 1 0 0
 0 0 0 0 1 1 0 1 0 0 0 0 0 0 0
 0 0 0 0 1 0 0 0 0 0 0 0 0 0 0
 0 1 1 1 0 0 0 0 0 0 0 1 0 0 0
 0 0 1 0 0 0 0 0 0 1 0 0 1 0 0
 0 0 0 0 0 0 0 0 0 1 0 0 1 0 1
 0 0 1 0 0 0 0 0 1 0 1 0 0 0 0
 0 0 0 0 0 0 0 1 0 0 0 0 0 1 0
 1 1 0 0 0 1 1 0 0 0 0 0 0 0 1
 0 0 0 0 0 0 0 1 0 0 0 0 0 0 0
 0 0 0 0 1 0 0 0 0 0 0 0 0 1 0
 0 1 0 0 0 1 1 0 0 0 0 0 0 0 0
 1 0 0 0 0 0 0 0 1 0 0 1 0 0 0
 0 0 0 0 0 0 1 0 0 1 0 0 0 0 0
