15
   72   40   94   28   20   83   36   75   87   39   99  116   86   46   71
 0 0 0 0 0 0 0 0 0 0 1 0 0 1 0
 0 0 1 0 0 0 0 1 0 0 1 0 0 0 0
 0 1 0 1 0 0 0 0 1 0 1 0 0 0 1
 0 0 1 0 0 0 0 1 0 0 0 0 1 0 0
 0 0 0 0 0 0 0 0 0 1 0 0 0 0 1
 0 0 0 0 0 0 0 0 1 0 0 0 0 0 0
 0 0 0 0 0 0 0 0 1 0 1 0 1 0 0
 0 1 0 1 0 0 0 0 0 0 1 0 0 0 0
 0 0 1 0 0 1 1 0 0 0 0 0 1 0 0
 0 0 0 0 1 0 0 0 0 0 0 0 0 0 0
 1 1 1 0 0 0 1 1 0 0 0 0 0 1 0
 0 0 0 0 0 0 0 0 0 0 0 0 0 0 0
 0 0 0 1 0 0 1 0 1 0 0 0 0 0 0
 1 0 0 0 0 0 0 0 0 0 1 0 0 0 0
 0 0 1 0 1 0 0 0 0 0 0 0 0 0 0
