15
  170   38   52   94   54   31   94   52   83   75   46  114   56  113   87
 0 1 1 1 1 1 1 1 1 1 0 1 1 1 1
 1 0 0 0 1 0 1 1 0 1 1 1 0 1 0
 1 0 0 1 1 1 1 0 0 1 1 1 1 1 0
 1 0 1 0 1 1 1 1 1 1 1 0 1 1 0
 1 1 1 1 0 1 1 0 1 1 0 1 1 0 1
 1 0 1 1 1 0 0 1 1 0 1 1 0 1 1
 1 1 1 1 1 0 0 0 1 1 1 1 1 1 1
 1 1 0 1 0 1 0 0 0 1 1 0 1 1 1
 1 0 0 1 1 1 1 0 0 1 1 1 1 1 1
 1 1 1 1 1 0 1 1 1 0 1 1 0 1 1
 0 1 1 1 0 1 1 1 1 1 0 1 1 1 0
 1 1 1 0 1 1 1 0 1 1 1 0 1 0 1
 1 0 1 1 1 0 1 1 1 0 1 1 0 0 1
 1 1 1 1 0 1 1 1 1 1 1 0 0 0 1
 1 0 0 0 1 1 1 1 1 1 0 1 1 1 0
