15
   18   12    7   16   20    2    4   25   26   25   21    8   48    6   16
 0 1 0 0 0 1 0 1 0 0 0 1 0 0 1
 1 0 1 0 1 0 0 1 1 0 0 0 1 0 0
 0 1 0 1 0 0 1 1 0 0 0 0 0 1 1
 0 0 1 0 1 0 0 0 0 0 0 1 1 1 1
 0 1 0 1 0 0 1 0 1 0 0 0 1 0 1
 1 0 0 0 0 0 1 0 0 0 0 0 1 0 0
 0 0 1 0 1 1 0 0 0 0 0 0 1 1 0
 1 1 1 0 0 0 0 0 0 1 0 0 1 0 0
 0 1 0 0 1 0 0 0 0 1 1 0 1 0 0
 0 0 0 0 0 0 0 1 1 0 1 0 1 0 1
 0 0 0 0 0 0 0 0 1 1 0 0 1 1 1
 1 0 0 1 0 0 0 0 0 0 0 0 1 0 0
 0 1 0 1 1 1 1 1 1 1 1 1 0 0 0
 0 0 1 1 0 0 1 0 0 0 1 0 0 0 0
 1 0 1 1 1 0 0 0 0 1 1 0 0 0 0
