15
   87   23   93   24  116   65   48   84  104   81   96  104   93   81  100
 0 1 0 0 1 1 1 1 1 1 1 1 1 1 1
 1 0 1 1 1 1 1 1 1 1 1 1 1 1 1
 0 1 0 1 1 1 1 1 1 1 1 1 1 1 1
 0 1 1 0 1 1 1 1 1 1 1 1 1 1 0
 1 1 1 1 0 1 0 1 0 1 1 1 1 1 1
 1 1 1 1 1 0 1 1 1 1 1 1 1 1 1
 1 1 1 1 0 1 0 1 1 1 1 1 1 1 1
 1 1 1 1 1 1 1 0 1 1 1 1 1 1 1
 1 1 1 1 0 1 1 1 0 1 1 1 1 1 1
 1 1 1 1 1 1 1 1 1 0 1 1 1 1 1
 1 1 1 1 1 1 1 1 1 1 0 1 1 1 1
 1 1 1 1 1 1 1 1 1 1 1 0 1 1 1
 1 1 1 1 1 1 1 1 1 1 1 1 0 1 1
 1 1 1 1 1 1 1 1 1 1 1 1 1 0 1
 1 1 1 0 1 1 1 1 1 1 1 1 1 1 0
