15
   15   15    5    8    4   35    7   11   12   32    9   23   10   45   14
 0 1 0 0 0 1 0 1 0 1 0 0 0 0 1
 1 0 0 0 0 1 1 0 0 0 1 1 0 1 0
 0 0 0 0 0 1 0 0 1 0 0 0 0 0 0
 0 0 0 0 0 0 0 1 1 1 0 0 0 0 0
 0 0 0 0 0 1 1 1 1 0 1 0 0 1 0
 1 1 1 0 1 0 0 1 0 0 0 1 1 1 0
 0 1 0 0 1 0 0 0 1 0 1 1 1 0 0
 1 0 0 1 1 1 0 0 0 0 0 0 1 0 0
 0 0 1 1 1 0 1 0 0 1 0 0 0 1 1
 1 0 0 1 0 0 0 0 1 0 1 0 0 1 1
 0 1 0 0 1 0 1 0 0 1 0 0 0 0 0
 0 1 0 0 0 1 1 0 0 0 0 0 0 1 1
 0 0 0 0 0 1 1 1 0 0 0 0 0 1 1
 0 1 0 0 1 1 0 0 1 1 0 1 1 0 0
 1 0 0 0 0 0 0 0 1 1 0 1 1 0 0
