15
   19   34    5   32   77    3   37   17    9   67   64   18   22   44   17
 0 1 1 1 1 1 0 0 1 0 0 1 0 1 1
 1 0 1 1 1 1 0 1 1 1 0 0 1 0 0
 1 1 0 1 0 0 0 0 0 1 0 0 1 1 1
 1 1 1 0 1 1 1 0 1 0 1 1 0 1 1
 1 1 0 1 0 0 1 1 1 0 1 1 1 1 0
 1 1 0 1 0 0 0 0 0 0 1 1 1 0 0
 0 0 0 1 1 0 0 0 0 1 1 1 0 1 0
 0 1 0 0 1 0 0 0 0 1 0 0 0 0 1
 1 1 0 1 1 0 0 0 0 1 1 0 0 1 0
 0 1 1 0 0 0 1 1 1 0 1 1 1 1 1
 0 0 0 1 1 1 1 0 1 1 0 0 1 0 1
 1 0 0 1 1 1 1 0 0 1 0 0 1 1 1
 0 1 1 0 1 1 0 0 0 1 1 1 0 0 0
 1 0 1 1 1 0 1 0 1 1 0 1 0 0 1
 1 0 1 1 0 0 0 1 0 1 1 1 0 1 0
