15
  119   50  113    9  178  126  139   97   42  125   81   50   79  131  110
 0 1 1 1 1 1 1 1 1 1 1 1 1 1 1
 1 0 1 1 1 1 1 1 1 1 1 1 1 1 1
 1 1 0 0 1 1 1 1 1 1 1 1 1 1 1
 1 1 0 0 1 1 1 1 1 1 1 1 1 1 1
 1 1 1 1 0 1 1 1 1 1 1 1 1 1 1
 1 1 1 1 1 0 1 1 1 1 1 1 1 1 1
 1 1 1 1 1 1 0 1 1 1 1 1 0 1 1
 1 1 1 1 1 1 1 0 1 1 0 1 1 1 1
 1 1 1 1 1 1 1 1 0 1 0 0 1 1 1
 1 1 1 1 1 1 1 1 1 0 1 1 1 1 1
 1 1 1 1 1 1 1 0 0 1 0 1 1 1 1
 1 1 1 1 1 1 1 1 0 1 1 0 1 1 1
 1 1 1 1 1 1 0 1 1 1 1 1 0 1 1
 1 1 1 1 1 1 1 1 1 1 1 1 1 0 1
 1 1 1 1 1 1 1 1 1 1 1 1 1 1 0
