15
    5    3    1    4    6    4    9    7    3    2    6    4    7    1    5
 0 0 0 0 1 0 0 0 1 0 0 0 0 0 0
 0 0 0 1 0 0 1 0 0 0 0 0 1 1 0
 0 0 0 0 0 0 0 0 0 0 0 0 0 0 1
 0 1 0 0 1 0 0 1 0 0 0 0 0 0 0
 1 0 0 1 0 0 0 0 0 0 0 1 0 0 0
 0 0 0 0 0 0 1 0 0 1 0 0 0 0 0
 0 1 0 0 0 1 0 0 1 0 0 0 0 0 0
 0 0 0 1 0 0 0 0 0 0 0 0 1 0 1
 1 0 0 0 0 0 1 0 0 0 1 0 0 0 0
 0 0 0 0 0 1 0 0 0 0 0 0 0 1 0
 0 0 0 0 0 0 0 0 1 0 0 1 0 1 0
 0 0 0 0 1 0 0 0 0 0 1 0 0 0 0
 0 1 0 0 0 0 0 1 0 0 0 0 0 1 0
 0 1 0 0 0 0 0 0 0 1 1 0 1 0 0
 0 0 1 0 0 0 0 1 0 0 0 0 0 0 0
