15
   22   73   92   88   36   39   69   53   83   38   73   44   23  101   58
 0 0 0 0 0 0 0 0 0 0 0 0 1 1 0
 0 0 0 0 0 0 0 1 1 1 1 1 0 1 0
 0 0 0 0 0 0 1 0 1 1 1 0 1 1 0
 0 0 0 0 1 1 0 1 0 0 1 0 1 0 1
 0 0 0 1 0 0 1 0 0 0 0 0 0 0 1
 0 0 0 1 0 0 1 0 1 0 0 0 0 0 1
 0 0 1 0 1 1 0 1 0 0 0 1 0 0 0
 0 1 0 1 0 0 1 0 0 1 0 1 1 0 0
 0 1 1 0 0 1 0 0 0 0 0 0 1 0 1
 0 1 1 0 0 0 0 1 0 0 0 1 0 0 1
 0 1 1 1 0 0 0 0 0 0 0 1 1 1 1
 0 1 0 0 0 0 1 1 0 1 1 0 1 1 0
 1 0 1 1 0 0 0 1 1 0 1 1 0 0 0
 1 1 1 0 0 0 0 0 0 0 1 1 0 0 0
 0 0 0 1 1 1 0 0 1 1 1 0 0 0 0
