15
  107   24   30   36  174   64   80  101   25  166   17  109  180   18   43
 0 1 1 1 1 1 1 1 0 1 1 1 1 1 1
 1 0 1 1 1 1 1 1 1 1 1 1 1 0 1
 1 1 0 1 1 1 1 1 1 1 1 1 1 1 1
 1 1 1 0 1 1 1 1 1 1 1 1 1 1 1
 1 1 1 1 0 1 1 1 1 1 1 1 1 1 1
 1 1 1 1 1 0 1 1 1 1 1 1 1 1 0
 1 1 1 1 1 1 0 1 1 1 1 1 1 1 1
 1 1 1 1 1 1 1 0 1 1 1 1 1 1 1
 0 1 1 1 1 1 1 1 0 1 1 1 1 1 1
 1 1 1 1 1 1 1 1 1 0 1 1 1 0 1
 1 1 1 1 1 1 1 1 1 1 0 1 1 1 1
 1 1 1 1 1 1 1 1 1 1 1 0 1 0 1
 1 1 1 1 1 1 1 1 1 1 1 1 0 1 1
 1 0 1 1 1 1 1 1 1 0 1 0 1 0 1
 1 1 1 1 1 0 1 1 1 1 1 1 1 1 0
