15
    2   37  182   79   40  127  159  161  159  194  132  119   65   33  193
 0 1 1 1 1 1 1 1 0 1 1 1 1 1 1
 1 0 1 1 1 1 1 1 1 1 1 1 1 1 1
 1 1 0 1 1 1 1 1 1 1 1 1 1 1 1
 1 1 1 0 1 1 1 1 1 1 1 1 1 1 1
 1 1 1 1 0 1 1 1 1 1 0 1 1 1 1
 1 1 1 1 1 0 1 1 1 1 1 1 1 1 1
 1 1 1 1 1 1 0 1 1 1 1 1 0 1 1
 1 1 1 1 1 1 1 0 1 1 1 1 1 0 1
 0 1 1 1 1 1 1 1 0 1 1 1 1 1 1
 1 1 1 1 1 1 1 1 1 0 1 1 1 1 1
 1 1 1 1 0 1 1 1 1 1 0 1 1 0 1
 1 1 1 1 1 1 1 1 1 1 1 0 1 1 1
 1 1 1 1 1 1 0 1 1 1 1 1 0 1 1
 1 1 1 1 1 1 1 0 1 1 0 1 1 0 1
 1 1 1 1 1 1 1 1 1 1 1 1 1 1 0
