15
  102   73   66   59   36   96   69   83   82   56  118   33  101  118   59
 0 0 1 1 0 0 0 0 0 0 0 0 0 0 0
 0 0 0 0 0 0 1 0 1 0 0 0 1 0 0
 1 0 0 0 0 0 0 0 0 0 0 1 0 1 0
 1 0 0 0 1 0 0 1 0 0 0 0 0 0 0
 0 0 0 1 0 0 0 0 0 1 0 1 0 0 1
 0 0 0 0 0 0 1 0 0 0 0 0 0 1 0
 0 1 0 0 0 1 0 0 0 0 0 0 0 0 0
 0 0 0 1 0 0 0 0 1 0 0 0 1 0 0
 0 1 0 0 0 0 0 1 0 0 0 0 1 0 0
 0 0 0 0 1 0 0 0 0 0 0 1 0 0 0
 0 0 0 0 0 0 0 0 0 0 0 0 0 1 0
 0 0 1 0 1 0 0 0 0 1 0 0 0 0 0
 0 1 0 0 0 0 0 1 1 0 0 0 0 0 1
 0 0 1 0 0 1 0 0 0 0 1 0 0 0 0
 0 0 0 0 1 0 0 0 0 0 0 0 1 0 0
