15
   62  104   70   33   53   46  103   58  114  112   79   62   87   31  103
 0 1 0 0 0 1 1 1 1 1 1 0 1 0 1
 1 0 1 1 1 0 1 1 1 1 0 1 1 0 1
 0 1 0 1 1 1 1 1 1 1 1 1 1 1 1
 0 1 1 0 1 1 1 1 1 1 1 1 0 1 1
 0 1 1 1 0 1 1 1 1 0 1 1 0 1 1
 1 0 1 1 1 0 0 1 1 0 1 0 1 0 1
 1 1 1 1 1 0 0 1 1 1 1 1 1 1 1
 1 1 1 1 1 1 1 0 0 1 1 1 1 1 1
 1 1 1 1 1 1 1 0 0 0 1 1 1 0 1
 1 1 1 1 0 0 1 1 0 0 0 1 1 1 0
 1 0 1 1 1 1 1 1 1 0 0 1 1 0 0
 0 1 1 1 1 0 1 1 1 1 1 0 1 0 1
 1 1 1 0 0 1 1 1 1 1 1 1 0 0 0
 0 0 1 1 1 0 1 1 0 1 0 0 0 0 1
 1 1 1 1 1 1 1 1 1 0 0 1 0 1 0
