15
   51  100   55   44   83   71  109   77  105   46   73   98   30  107   44
 0 1 0 0 0 0 0 0 0 0 0 1 0 1 0
 1 0 0 0 0 0 1 0 0 0 1 0 0 0 0
 0 0 0 0 0 0 0 0 0 0 0 0 0 0 0
 0 0 0 0 0 0 0 0 0 0 0 0 0 0 0
 0 0 0 0 0 0 0 0 0 0 0 1 0 0 1
 0 0 0 0 0 0 0 1 0 0 0 0 1 1 1
 0 1 0 0 0 0 0 1 0 0 0 0 1 0 0
 0 0 0 0 0 1 1 0 0 0 0 0 0 0 0
 0 0 0 0 0 0 0 0 0 0 0 1 0 1 0
 0 0 0 0 0 0 0 0 0 0 0 0 1 1 1
 0 1 0 0 0 0 0 0 0 0 0 0 0 1 0
 1 0 0 0 1 0 0 0 1 0 0 0 0 0 0
 0 0 0 0 0 1 1 0 0 1 0 0 0 1 0
 1 0 0 0 0 1 0 0 1 1 1 0 1 0 0
 0 0 0 0 1 1 0 0 0 1 0 0 0 0 0
