15
   84   21   94   96   99   89   45   24   53  119   83   30   96  114  106
 0 1 1 1 1 1 0 0 1 1 0 1 1 1 1
 1 0 0 1 1 0 1 1 1 1 0 0 1 0 1
 1 0 0 1 1 1 0 1 1 1 1 1 1 1 1
 1 1 1 0 1 0 1 1 1 1 1 1 1 1 1
 1 1 1 1 0 1 1 1 1 0 0 1 1 1 1
 1 0 1 0 1 0 0 1 0 1 1 1 1 1 1
 0 1 0 1 1 0 0 1 1 0 1 1 0 1 1
 0 1 1 1 1 1 1 0 0 1 1 0 1 1 0
 1 1 1 1 1 0 1 0 0 1 1 1 1 0 1
 1 1 1 1 0 1 0 1 1 0 1 0 1 1 0
 0 0 1 1 0 1 1 1 1 1 0 1 0 1 1
 1 0 1 1 1 1 1 0 1 0 1 0 1 1 0
 1 1 1 1 1 1 0 1 1 1 0 1 0 1 1
 1 0 1 1 1 1 1 1 0 1 1 1 1 0 0
 1 1 1 1 1 1 1 0 1 0 1 0 1 0 0
