15
  113   33   24   49   30  102   24  113   27   11  153  144   40   94   41
 0 1 1 1 1 1 1 1 1 1 1 1 1 1 1
 1 0 1 1 1 1 1 1 1 1 1 1 1 1 0
 1 1 0 1 1 1 1 1 1 1 1 1 1 1 1
 1 1 1 0 1 1 1 1 1 1 1 1 1 1 1
 1 1 1 1 0 1 1 1 1 1 1 1 1 1 1
 1 1 1 1 1 0 1 1 1 1 1 1 1 1 1
 1 1 1 1 1 1 0 1 0 1 1 1 1 1 1
 1 1 1 1 1 1 1 0 0 1 1 1 1 0 1
 1 1 1 1 1 1 0 0 0 1 1 1 1 1 1
 1 1 1 1 1 1 1 1 1 0 1 1 1 1 1
 1 1 1 1 1 1 1 1 1 1 0 1 1 1 1
 1 1 1 1 1 1 1 1 1 1 1 0 1 1 0
 1 1 1 1 1 1 1 1 1 1 1 1 0 1 1
 1 1 1 1 1 1 1 0 1 1 1 1 1 0 1
 1 0 1 1 1 1 1 1 1 1 1 0 1 1 0
