15
  110  117   58  125  139   34    5  177    8  149   78  194   12  174   91
 0 1 1 1 1 1 1 1 1 1 1 1 1 1 1
 1 0 1 1 1 0 1 1 1 1 1 1 1 1 1
 1 1 0 1 1 1 1 1 0 1 0 1 1 1 1
 1 1 1 0 0 1 1 1 1 1 1 1 1 1 1
 1 1 1 0 0 1 1 1 1 1 1 1 1 1 1
 1 0 1 1 1 0 1 1 1 1 1 1 1 1 1
 1 1 1 1 1 1 0 1 1 1 1 1 1 1 1
 1 1 1 1 1 1 1 0 1 1 1 1 1 1 1
 1 1 0 1 1 1 1 1 0 1 1 1 1 1 1
 1 1 1 1 1 1 1 1 1 0 1 1 0 1 1
 1 1 0 1 1 1 1 1 1 1 0 1 1 1 1
 1 1 1 1 1 1 1 1 1 1 1 0 1 1 1
 1 1 1 1 1 1 1 1 1 0 1 1 0 1 1
 1 1 1 1 1 1 1 1 1 1 1 1 1 0 1
 1 1 1 1 1 1 1 1 1 1 1 1 1 1 0
