15
  108   13   31    2   12    3   13   66   26   53   22   75    1   14   48
 0 1 1 1 1 1 1 1 1 1 1 0 1 0 0
 1 0 0 1 0 1 0 1 1 1 1 1 0 1 0
 1 0 0 1 1 1 0 0 1 0 0 0 1 1 1
 1 1 1 0 0 1 0 1 0 0 0 0 0 0 0
 1 0 1 0 0 1 0 0 1 0 0 1 0 1 1
 1 1 1 1 1 0 0 0 1 1 0 1 1 1 1
 1 0 0 0 0 0 0 0 0 0 1 1 0 1 1
 1 1 0 1 0 0 0 0 1 1 1 1 1 0 1
 1 1 1 0 1 1 0 1 0 0 1 1 1 1 0
 1 1 0 0 0 1 0 1 0 0 1 1 1 0 1
 1 1 0 0 0 0 1 1 1 1 0 0 0 0 0
 0 1 0 0 1 1 1 1 1 1 0 0 1 1 1
 1 0 1 0 0 1 0 1 1 1 0 1 0 0 0
 0 1 1 0 1 1 1 0 1 0 0 1 0 0 0
 0 0 1 0 1 1 1 1 0 1 0 1 0 0 0
