15
   40   30   40   59  109   70   36  103   45  120   32  102   47   29   93
 0 0 1 0 0 0 0 1 0 0 0 1 0 1 0
 0 0 0 0 0 1 1 0 0 1 0 0 0 0 0
 1 0 0 0 0 0 1 0 1 0 0 0 0 1 1
 0 0 0 0 1 0 0 1 1 0 0 1 1 0 0
 0 0 0 1 0 0 1 1 0 0 0 0 1 1 1
 0 1 0 0 0 0 0 0 0 0 0 0 0 1 1
 0 1 1 0 1 0 0 1 1 1 1 0 1 0 0
 1 0 0 1 1 0 1 0 1 0 1 0 1 1 0
 0 0 1 1 0 0 1 1 0 0 0 0 1 0 1
 0 1 0 0 0 0 1 0 0 0 0 1 1 0 0
 0 0 0 0 0 0 1 1 0 0 0 0 0 1 0
 1 0 0 1 0 0 0 0 0 1 0 0 1 0 0
 0 0 0 1 1 0 1 1 1 1 0 1 0 1 0
 1 0 1 0 1 1 0 1 0 0 1 0 1 0 1
 0 0 1 0 1 1 0 0 1 0 0 0 0 1 0
