15
   20   43   99   74  120   26   22   22  100  120   22  119   66   63  119
 0 1 1 1 1 1 1 1 1 1 1 1 1 0 1
 1 0 1 1 1 1 1 1 1 1 1 1 1 1 1
 1 1 0 1 1 1 1 1 1 1 1 1 1 1 1
 1 1 1 0 1 1 1 1 1 1 1 1 1 1 1
 1 1 1 1 0 1 1 0 1 1 1 1 0 1 1
 1 1 1 1 1 0 1 1 1 1 1 1 1 1 1
 1 1 1 1 1 1 0 1 1 0 1 1 1 1 1
 1 1 1 1 0 1 1 0 1 1 1 1 1 1 1
 1 1 1 1 1 1 1 1 0 1 1 1 0 1 1
 1 1 1 1 1 1 0 1 1 0 1 1 1 1 1
 1 1 1 1 1 1 1 1 1 1 0 1 1 1 1
 1 1 1 1 1 1 1 1 1 1 1 0 1 1 1
 1 1 1 1 0 1 1 1 0 1 1 1 0 1 1
 0 1 1 1 1 1 1 1 1 1 1 1 1 0 1
 1 1 1 1 1 1 1 1 1 1 1 1 1 1 0
