15
    6    6   19    6   24   48   42    3   45   48  112  118   17   63   15
 0 1 0 0 1 1 0 0 1 1 0 1 0 1 0
 1 0 0 0 1 0 1 0 0 0 1 0 1 0 0
 0 0 0 1 1 0 0 0 1 0 1 1 0 1 0
 0 0 1 0 1 1 1 0 1 1 1 0 0 1 1
 1 1 1 1 0 1 1 0 1 1 1 1 1 1 0
 1 0 0 1 1 0 0 1 1 0 1 1 1 0 0
 0 1 0 1 1 0 0 0 1 1 1 1 1 1 0
 0 0 0 0 0 1 0 0 0 0 1 0 0 0 0
 1 0 1 1 1 1 1 0 0 0 1 1 0 1 1
 1 0 0 1 1 0 1 0 0 0 0 1 0 1 1
 0 1 1 1 1 1 1 1 1 0 0 1 1 0 1
 1 0 1 0 1 1 1 0 1 1 1 0 1 1 1
 0 1 0 0 1 1 1 0 0 0 1 1 0 1 1
 1 0 1 1 1 0 1 0 1 1 0 1 1 0 0
 0 0 0 1 0 0 0 0 1 1 1 1 1 0 0
