15
  119   74   85   41   74   20  118   86  103   62   94   33   24   49  111
 0 1 0 1 0 1 0 0 1 1 1 0 0 1 1
 1 0 0 1 1 0 1 0 1 0 1 1 0 1 0
 0 0 0 1 0 1 0 1 1 0 1 0 1 1 1
 1 1 1 0 0 1 0 0 1 1 0 1 1 0 1
 0 1 0 0 0 0 0 1 1 1 1 0 0 1 0
 1 0 1 1 0 0 1 0 1 1 1 0 0 1 0
 0 1 0 0 0 1 0 1 1 0 1 1 1 0 1
 0 0 1 0 1 0 1 0 1 0 0 0 1 0 0
 1 1 1 1 1 1 1 1 0 1 1 1 1 1 0
 1 0 0 1 1 1 0 0 1 0 1 0 0 1 1
 1 1 1 0 1 1 1 0 1 1 0 1 0 1 1
 0 1 0 1 0 0 1 0 1 0 1 0 0 1 0
 0 0 1 1 0 0 1 1 1 0 0 0 0 1 0
 1 1 1 0 1 1 0 0 1 1 1 1 1 0 0
 1 0 1 1 0 0 1 0 0 1 1 0 0 0 0
