15
    5   29    9   12   79   16   15    9   33    8   22   23   50   24   14
 0 0 0 1 1 1 1 0 1 1 1 1 0 1 0
 0 0 1 0 1 1 1 1 0 0 0 0 0 0 1
 0 1 0 1 0 0 0 0 1 0 0 0 1 0 0
 1 0 1 0 1 0 0 0 0 0 0 0 1 1 0
 1 1 0 1 0 1 1 0 1 1 0 1 0 1 0
 1 1 0 0 1 0 0 0 0 1 0 0 0 0 0
 1 1 0 0 1 0 0 0 0 0 0 0 1 0 0
 0 1 0 0 0 0 0 0 0 0 0 0 1 1 0
 1 0 1 0 1 0 0 0 0 0 0 1 1 0 1
 1 0 0 0 1 1 0 0 0 0 0 0 0 0 0
 1 0 0 0 0 0 0 0 0 0 0 1 1 1 1
 1 0 0 0 1 0 0 0 1 0 1 0 0 0 1
 0 0 1 1 0 0 1 1 1 0 1 0 0 0 1
 1 0 0 1 1 0 0 1 0 0 1 0 0 0 0
 0 1 0 0 0 0 0 0 1 0 1 1 1 0 0
