15
  103   31   76  118  103   46   29   87  108   78   37   34   52   95   68
 0 1 0 0 0 1 0 1 1 1 0 0 1 1 0
 1 0 1 0 0 1 0 1 0 1 1 1 1 0 0
 0 1 0 1 0 0 1 1 1 1 1 0 1 0 1
 0 0 1 0 1 1 0 1 0 1 0 1 1 0 1
 0 0 0 1 0 0 1 0 0 1 1 1 1 0 1
 1 1 0 1 0 0 0 1 0 1 0 0 1 0 1
 0 0 1 0 1 0 0 0 1 1 1 1 1 1 0
 1 1 1 1 0 1 0 0 1 1 0 1 0 1 0
 1 0 1 0 0 0 1 1 0 1 1 0 1 1 0
 1 1 1 1 1 1 1 1 1 0 0 0 1 1 1
 0 1 1 0 1 0 1 0 1 0 0 1 1 1 0
 0 1 0 1 1 0 1 1 0 0 1 0 0 0 0
 1 1 1 1 1 1 1 0 1 1 1 0 0 1 0
 1 0 0 0 0 0 1 1 1 1 1 0 1 0 0
 0 0 1 1 1 1 0 0 0 1 0 0 0 0 0
