15
   35   96   89   84   84  103  114   49   26  102  116   57   39  116   78
 0 1 1 1 0 1 1 1 1 1 1 1 0 0 1
 1 0 1 0 0 1 0 1 1 0 0 0 0 1 1
 1 1 0 1 1 0 1 1 1 1 1 1 1 1 1
 1 0 1 0 0 1 1 0 1 1 1 1 1 0 1
 0 0 1 0 0 1 0 1 0 1 1 1 1 1 1
 1 1 0 1 1 0 1 1 1 1 1 1 1 1 0
 1 0 1 1 0 1 0 0 1 1 1 1 1 0 1
 1 1 1 0 1 1 0 0 1 1 0 1 1 1 1
 1 1 1 1 0 1 1 1 0 1 1 0 1 1 0
 1 0 1 1 1 1 1 1 1 0 1 1 1 0 1
 1 0 1 1 1 1 1 0 1 1 0 1 1 1 0
 1 0 1 1 1 1 1 1 0 1 1 0 1 1 1
 0 0 1 1 1 1 1 1 1 1 1 1 0 0 1
 0 1 1 0 1 1 0 1 1 0 1 1 0 0 1
 1 1 1 1 1 0 1 1 0 1 0 1 1 1 0
