15
   26   40   20   23   34   51   94  100   53   59  114   42  105   45  101
 0 1 1 0 1 0 0 0 0 0 0 0 0 0 0
 1 0 0 1 0 0 0 0 1 0 0 0 0 0 0
 1 0 0 0 0 0 0 0 0 0 0 0 0 0 0
 0 1 0 0 1 0 0 0 1 0 0 0 0 0 0
 1 0 0 1 0 0 0 0 0 0 0 0 0 0 0
 0 0 0 0 0 0 1 0 0 0 1 0 0 1 0
 0 0 0 0 0 1 0 0 1 0 0 1 0 0 0
 0 0 0 0 0 0 0 0 0 0 1 0 0 0 0
 0 1 0 1 0 0 1 0 0 0 0 0 0 0 1
 0 0 0 0 0 0 0 0 0 0 0 0 0 0 0
 0 0 0 0 0 1 0 1 0 0 0 1 0 0 1
 0 0 0 0 0 0 1 0 0 0 1 0 1 1 0
 0 0 0 0 0 0 0 0 0 0 0 1 0 1 0
 0 0 0 0 0 1 0 0 0 0 0 1 1 0 1
 0 0 0 0 0 0 0 0 1 0 1 0 0 1 0
