15
   27   37   40   51   21   86   88   44   26   43  118   52  102   57   62
 0 0 0 1 1 1 0 1 1 0 0 0 1 0 0
 0 0 0 1 1 0 1 1 1 1 0 0 1 0 1
 0 0 0 1 1 1 1 1 1 1 1 1 1 0 1
 1 1 1 0 1 0 1 0 0 1 1 1 0 0 0
 1 1 1 1 0 1 1 0 0 0 0 1 0 1 1
 1 0 1 0 1 0 0 1 1 0 1 0 0 1 0
 0 1 1 1 1 0 0 1 1 0 1 0 0 0 1
 1 1 1 0 0 1 1 0 1 0 1 1 1 1 0
 1 1 1 0 0 1 1 1 0 1 1 0 1 1 0
 0 1 1 1 0 0 0 0 1 0 0 1 1 1 1
 0 0 1 1 0 1 1 1 1 0 0 1 0 0 1
 0 0 1 1 1 0 0 1 0 1 1 0 0 1 1
 1 1 1 0 0 0 0 1 1 1 0 0 0 0 0
 0 0 0 0 1 1 0 1 1 1 0 1 0 0 0
 0 1 1 0 1 0 1 0 0 1 1 1 0 0 0
