15
    1   12    2   50    5    2   25   17   37   21   44   23   23   34   28
 0 0 0 1 0 1 0 1 0 1 0 0 0 1 0
 0 0 0 0 0 0 0 0 0 1 1 1 0 1 0
 0 0 0 1 0 0 0 0 1 0 1 0 0 0 0
 1 0 1 0 1 0 1 0 1 0 1 1 0 1 0
 0 0 0 1 0 0 1 0 0 0 0 0 0 1 0
 1 0 0 0 0 0 0 0 0 1 1 0 1 0 0
 0 0 0 1 1 0 0 0 1 0 0 0 1 1 0
 1 0 0 0 0 0 0 0 0 0 1 1 1 1 0
 0 0 1 1 0 0 1 0 0 1 0 0 1 0 1
 1 1 0 0 0 1 0 0 1 0 0 0 0 0 1
 0 1 1 1 0 1 0 1 0 0 0 1 0 0 1
 0 1 0 1 0 0 0 1 0 0 1 0 0 1 1
 0 0 0 0 0 1 1 1 1 0 0 0 0 0 1
 1 1 0 1 1 0 1 1 0 0 0 1 0 0 1
 0 0 0 0 0 0 0 0 1 1 1 1 1 1 0
