15
   62   49   96   32   83   61   70   76   28   44   26   47   94   44  117
 0 1 1 1 1 0 1 1 1 0 1 0 1 0 0
 1 0 1 1 0 0 0 0 0 1 1 1 0 0 1
 1 1 0 1 1 1 1 0 0 1 1 0 1 0 0
 1 1 1 0 0 0 1 0 0 1 0 0 0 1 1
 1 0 1 0 0 0 0 0 1 1 1 1 1 0 0
 0 0 1 0 0 0 1 1 0 1 0 1 0 1 1
 1 0 1 1 0 1 0 1 1 1 0 0 0 1 1
 1 0 0 0 0 1 1 0 0 1 0 1 0 0 0
 1 0 0 0 1 0 1 0 0 1 1 1 1 1 0
 0 1 1 1 1 1 1 1 1 0 1 1 0 1 0
 1 1 1 0 1 0 0 0 1 1 0 1 1 0 1
 0 1 0 0 1 1 0 1 1 1 1 0 1 1 1
 1 0 1 0 1 0 0 0 1 0 1 1 0 1 0
 0 0 0 1 0 1 1 0 1 1 0 1 1 0 1
 0 1 0 1 0 1 1 0 0 0 1 1 0 1 0
