15
  105   93   47  108   82   39   29   38   35   81   32   93  103   71   20
 0 0 0 1 1 0 0 0 0 1 0 0 0 0 0
 0 0 0 0 0 0 1 1 1 0 0 1 0 0 0
 0 0 0 0 0 1 0 1 0 0 0 0 0 0 0
 1 0 0 0 0 0 0 0 1 0 0 0 0 0 0
 1 0 0 0 0 1 0 0 0 1 0 0 0 0 0
 0 0 1 0 1 0 0 1 0 0 1 0 0 0 0
 0 1 0 0 0 0 0 0 0 1 0 0 1 0 0
 0 1 1 0 0 1 0 0 1 0 0 0 0 1 0
 0 1 0 1 0 0 0 1 0 0 0 0 0 0 0
 1 0 0 0 1 0 1 0 0 0 0 0 0 0 0
 0 0 0 0 0 1 0 0 0 0 0 0 1 0 0
 0 1 0 0 0 0 0 0 0 0 0 0 0 1 0
 0 0 0 0 0 0 1 0 0 0 1 0 0 0 0
 0 0 0 0 0 0 0 1 0 0 0 1 0 0 0
 0 0 0 0 0 0 0 0 0 0 0 0 0 0 0
