15
   17    4   11   19    9   28    5    5   10    6   15   26   15    3   45
 0 0 0 1 0 1 1 0 0 1 0 0 0 0 0
 0 0 0 0 0 0 0 1 0 0 1 1 0 0 1
 0 0 0 1 0 1 1 1 0 0 1 0 1 0 0
 1 0 1 0 1 1 1 0 0 0 0 0 1 0 1
 0 0 0 1 0 1 0 0 0 0 0 1 1 0 0
 1 0 1 1 1 0 0 1 0 0 1 0 1 0 0
 1 0 1 1 0 0 0 0 1 0 0 0 0 1 1
 0 1 1 0 0 1 0 0 0 0 0 0 1 0 0
 0 0 0 0 0 0 1 0 0 1 0 1 0 0 1
 1 0 0 0 0 0 0 0 1 0 0 1 0 1 1
 0 1 1 0 0 1 0 0 0 0 0 1 1 0 1
 0 1 0 0 1 0 0 0 1 1 1 0 0 0 1
 0 0 1 1 1 1 0 1 0 0 1 0 0 0 0
 0 0 0 0 0 0 1 0 0 1 0 0 0 0 1
 0 1 0 1 0 0 1 0 1 1 1 1 0 1 0
