15
   77   85   83   56   68   44   44  119   93   32   31   21   89   89   90
 0 1 1 1 0 1 1 0 1 1 0 1 0 0 0
 1 0 0 0 0 1 1 0 1 0 0 0 0 1 0
 1 0 0 1 1 0 0 0 0 1 0 1 0 0 0
 1 0 1 0 0 0 0 1 0 0 1 1 0 1 0
 0 0 1 0 0 0 0 0 0 0 1 1 0 0 0
 1 1 0 0 0 0 0 0 0 0 1 1 0 1 0
 1 1 0 0 0 0 0 1 1 0 0 0 1 1 1
 0 0 0 1 0 0 1 0 0 1 0 1 0 0 0
 1 1 0 0 0 0 1 0 0 1 1 0 1 0 0
 1 0 1 0 0 0 0 1 1 0 1 0 0 0 1
 0 0 0 1 1 1 0 0 1 1 0 1 0 0 0
 1 0 1 1 1 1 0 1 0 0 1 0 0 0 0
 0 0 0 0 0 0 1 0 1 0 0 0 0 1 1
 0 1 0 1 0 1 1 0 0 0 0 0 1 0 0
 0 0 0 0 0 0 1 0 0 1 0 0 1 0 0
