15
   75   40   21   58   66   23   38   76  120   41   35   24   54   69   90
 0 1 0 0 0 0 0 0 0 0 0 0 0 1 0
 1 0 0 0 0 0 0 0 1 1 0 0 0 1 0
 0 0 0 0 1 0 0 0 0 0 0 0 0 0 0
 0 0 0 0 0 0 0 0 0 0 1 0 0 0 0
 0 0 1 0 0 0 0 0 1 1 0 1 0 0 1
 0 0 0 0 0 0 0 0 0 0 0 1 0 0 0
 0 0 0 0 0 0 0 1 0 0 0 0 0 0 0
 0 0 0 0 0 0 1 0 0 0 0 1 0 1 0
 0 1 0 0 1 0 0 0 0 0 0 0 0 0 1
 0 1 0 0 1 0 0 0 0 0 0 0 0 0 1
 0 0 0 1 0 0 0 0 0 0 0 0 0 0 1
 0 0 0 0 1 1 0 1 0 0 0 0 0 0 0
 0 0 0 0 0 0 0 0 0 0 0 0 0 1 0
 1 1 0 0 0 0 0 1 0 0 0 0 1 0 1
 0 0 0 0 1 0 0 0 1 1 1 0 0 1 0
