15
  115   44   58   42   53   65   56   41   20   96   85   39   87   66  103
 0 1 0 1 0 0 1 1 0 1 0 1 1 1 1
 1 0 1 0 1 1 0 1 0 1 0 1 1 1 0
 0 1 0 0 1 0 0 1 1 1 1 0 1 1 0
 1 0 0 0 0 0 1 0 0 1 1 1 0 0 0
 0 1 1 0 0 1 0 1 1 0 1 0 0 1 0
 0 1 0 0 1 0 1 0 1 1 1 1 1 1 1
 1 0 0 1 0 1 0 1 1 0 1 0 0 1 1
 1 1 1 0 1 0 1 0 1 1 1 0 0 1 1
 0 0 1 0 1 1 1 1 0 0 1 1 0 0 0
 1 1 1 1 0 1 0 1 0 0 0 0 1 1 1
 0 0 1 1 1 1 1 1 1 0 0 0 0 0 0
 1 1 0 1 0 1 0 0 1 0 0 0 1 0 0
 1 1 1 0 0 1 0 0 0 1 0 1 0 1 1
 1 1 1 0 1 1 1 1 0 1 0 0 1 0 1
 1 0 0 0 0 1 1 1 0 1 0 0 1 1 0
