15
  110   78   98   91  107  114   50   20   60   44  107   79   35   71   24
 0 1 1 1 1 1 1 1 1 1 1 1 1 1 1
 1 0 1 1 0 1 1 1 1 1 1 1 1 1 0
 1 1 0 1 1 0 1 1 1 1 1 1 0 1 1
 1 1 1 0 1 1 0 1 1 1 1 1 1 1 1
 1 0 1 1 0 1 0 0 0 1 1 1 1 1 1
 1 1 0 1 1 0 1 1 0 1 1 0 1 0 0
 1 1 1 0 0 1 0 1 1 1 0 1 1 0 1
 1 1 1 1 0 1 1 0 0 0 0 0 0 1 1
 1 1 1 1 0 0 1 0 0 0 0 1 1 1 1
 1 1 1 1 1 1 1 0 0 0 1 1 1 0 1
 1 1 1 1 1 1 0 0 0 1 0 1 0 1 0
 1 1 1 1 1 0 1 0 1 1 1 0 1 0 1
 1 1 0 1 1 1 1 0 1 1 0 1 0 1 1
 1 1 1 1 1 0 0 1 1 0 1 0 1 0 1
 1 0 1 1 1 0 1 1 1 1 0 1 1 1 0
