20
   49   97   61   29   94   97   56   24  112  103   34   80   37   40   60   45   95   81   78   23
 0 0 0 1 1 0 0 1 0 0 1 0 0 1 0 0 0 1 0 1
 0 0 0 1 0 0 1 1 0 1 1 0 0 0 1 0 0 0 1 1
 0 0 0 1 1 1 0 0 1 0 1 1 1 0 1 0 0 1 1 0
 1 1 1 0 1 0 1 1 0 0 0 1 1 0 1 0 1 1 0 1
 1 0 1 1 0 1 1 1 1 0 1 0 0 0 1 0 1 0 0 1
 0 0 1 0 1 0 1 0 0 1 1 0 1 1 1 0 1 0 0 0
 0 1 0 1 1 1 0 1 1 1 1 1 0 1 0 1 1 1 0 0
 1 1 0 1 1 0 1 0 0 0 0 0 1 0 1 1 0 1 0 0
 0 0 1 0 1 0 1 0 0 1 1 0 0 0 1 1 0 1 1 1
 0 1 0 0 0 1 1 0 1 0 1 0 0 1 0 0 0 1 1 1
 1 1 1 0 1 1 1 0 1 1 0 0 1 1 1 1 1 0 1 0
 0 0 1 1 0 0 1 0 0 0 0 0 1 0 1 1 1 1 0 1
 0 0 1 1 0 1 0 1 0 0 1 1 0 1 1 1 0 0 0 0
 1 0 0 0 0 1 1 0 0 1 1 0 1 0 1 1 0 1 1 0
 0 1 1 1 1 1 0 1 1 0 1 1 1 1 0 1 0 0 0 0
 0 0 0 0 0 0 1 1 1 0 1 1 1 1 1 0 0 0 1 0
 0 0 0 1 1 1 1 0 0 0 1 1 0 0 0 0 0 1 1 1
 1 0 1 1 0 0 1 1 1 1 0 1 0 1 0 0 1 0 1 0
 0 1 1 0 0 0 0 0 1 1 1 0 0 1 0 1 1 1 0 1
 1 1 0 1 1 0 0 0 1 1 0 1 0 0 0 0 1 0 1 0
