25
   77   13   24   22   37    5   11   15   11   29   50    4   25   68  119   30   11   18   21   10   84   45   23   47   69
 0 1 1 1 0 0 1 0 0 0 1 0 1 0 0 0 0 0 1 0 0 0 1 0 1
 1 0 0 0 0 0 0 0 0 0 0 1 1 0 0 0 0 0 1 0 1 0 0 1 0
 1 0 0 1 0 1 1 1 0 0 1 0 0 0 1 0 0 0 1 1 1 1 0 0 0
 1 0 1 0 0 0 0 0 0 0 0 0 0 0 1 1 0 1 0 0 0 0 0 0 0
 0 0 0 0 0 0 1 1 1 0 0 0 1 1 1 1 0 0 0 0 0 1 0 0 0
 0 0 1 0 0 0 0 0 1 0 1 0 0 0 0 0 1 1 0 1 1 0 1 0 1
 1 0 1 0 1 0 0 0 0 1 1 0 0 0 1 0 0 1 0 0 0 1 0 0 1
 0 0 1 0 1 0 0 0 1 1 0 0 0 1 1 0 0 0 0 0 1 0 0 0 0
 0 0 0 0 1 1 0 1 0 0 1 0 0 0 0 0 1 0 0 0 1 0 0 0 0
 0 0 0 0 0 0 1 1 0 0 0 1 1 0 0 0 1 0 1 0 0 0 0 0 0
 1 0 1 0 0 1 1 0 1 0 0 0 0 0 1 0 0 0 0 0 1 1 0 0 0
 0 1 0 0 0 0 0 0 0 1 0 0 0 0 1 0 0 0 0 0 0 0 1 0 0
 1 1 0 0 1 0 0 0 0 1 0 0 0 1 0 0 0 0 1 1 0 1 1 0 1
 0 0 0 0 1 0 0 1 0 0 0 0 1 0 0 1 1 0 1 1 0 0 0 1 1
 0 0 1 1 1 0 1 1 0 0 1 1 0 0 0 1 0 0 0 0 1 0 0 1 1
 0 0 0 1 1 0 0 0 0 0 0 0 0 1 1 0 0 0 1 0 1 0 1 0 1
 0 0 0 0 0 1 0 0 1 1 0 0 0 1 0 0 0 1 0 1 0 0 0 1 0
 0 0 0 1 0 1 1 0 0 0 0 0 0 0 0 0 1 0 0 0 1 0 1 0 1
 1 1 1 0 0 0 0 0 0 1 0 0 1 1 0 1 0 0 0 1 0 0 0 1 1
 0 0 1 0 0 1 0 0 0 0 0 0 1 1 0 0 1 0 1 0 1 0 1 0 0
 0 1 1 0 0 1 0 1 1 0 1 0 0 0 1 1 0 1 0 1 0 0 0 1 0
 0 0 1 0 1 0 1 0 0 0 1 0 1 0 0 0 0 0 0 0 0 0 1 1 0
 1 0 0 0 0 1 0 0 0 0 0 1 1 0 0 1 0 1 0 1 0 1 0 0 0
 0 1 0 0 0 0 0 0 0 0 0 0 0 1 1 0 1 0 1 0 1 1 0 0 0
 1 0 0 0 0 1 1 0 0 0 0 0 1 1 1 1 0 1 1 0 0 0 0 0 0
