20
    3   64   25   41   49   29    9   58   76    5   12    3  123   28   60    1   37   21   67    8
 0 0 0 0 0 1 0 1 0 0 0 0 0 0 0 0 0 1 1 0
 0 0 1 0 1 0 0 0 1 1 0 1 1 0 0 0 1 0 1 0
 0 1 0 0 0 1 0 0 1 0 0 1 1 1 1 0 1 1 1 0
 0 0 0 0 0 0 0 1 0 1 0 1 1 1 1 0 1 1 0 0
 0 1 0 0 0 1 0 0 0 1 1 1 0 1 0 0 0 0 0 1
 1 0 1 0 1 0 0 0 1 0 0 0 0 0 0 0 1 1 0 0
 0 0 0 0 0 0 0 1 0 0 0 0 1 0 1 0 1 0 1 0
 1 0 0 1 0 0 1 0 1 0 1 0 1 1 1 0 1 0 1 1
 0 1 1 0 0 1 0 1 0 1 1 0 1 1 0 0 0 0 0 1
 0 1 0 1 1 0 0 0 1 0 1 0 0 1 1 0 0 1 0 1
 0 0 0 0 1 0 0 1 1 1 0 0 1 0 0 0 0 0 1 1
 0 1 1 1 1 0 0 0 0 0 0 0 1 0 1 1 1 1 1 0
 0 1 1 1 0 0 1 1 1 0 1 1 0 0 1 1 1 0 1 0
 0 0 1 1 1 0 0 1 1 1 0 0 0 0 1 0 0 1 0 0
 0 0 1 1 0 0 1 1 0 1 0 1 1 1 0 1 0 0 0 0
 0 0 0 0 0 0 0 0 0 0 0 1 1 0 1 0 0 1 0 0
 0 1 1 1 0 1 1 1 0 0 0 1 1 0 0 0 0 0 1 0
 1 0 1 1 0 1 0 0 0 1 0 1 0 1 0 1 0 0 0 0
 1 1 1 0 0 0 1 1 0 0 1 1 1 0 0 0 1 0 0 1
 0 0 0 0 1 0 0 1 1 1 1 0 0 0 0 0 0 0 1 0
