25
   27   78   44  103  106   99   94   65   42   62   58   44   57   94   39   20   95   48   47   37   24   87   44  107   92
 0 0 0 0 1 1 1 1 1 0 1 0 0 0 0 0 0 1 1 0 0 1 1 1 0
 0 0 0 1 0 0 0 1 1 1 0 1 0 0 0 0 1 0 1 1 1 1 0 0 1
 0 0 0 1 0 1 1 1 1 1 0 0 1 1 0 1 1 1 1 1 1 1 1 0 0
 0 1 1 0 1 0 1 1 0 0 0 0 0 1 1 0 1 1 1 1 0 1 0 1 1
 1 0 0 1 0 0 1 1 1 1 1 1 1 1 1 1 1 1 1 1 1 1 1 1 1
 1 0 1 0 0 0 1 1 1 0 0 1 0 0 1 1 1 1 1 1 1 1 1 0 1
 1 0 1 1 1 1 0 0 1 0 1 0 1 1 1 0 0 0 0 0 1 0 1 1 0
 1 1 1 1 1 1 0 0 0 1 1 1 1 1 1 1 1 1 0 0 1 1 0 1 1
 1 1 1 0 1 1 1 0 0 1 0 1 1 1 1 1 1 1 1 1 1 1 1 0 1
 0 1 1 0 1 0 0 1 1 0 1 1 1 1 1 1 0 0 1 0 0 0 1 0 1
 1 0 0 0 1 0 1 1 0 1 0 1 1 0 1 1 1 1 1 1 1 0 1 1 0
 0 1 0 0 1 1 0 1 1 1 1 0 1 1 0 1 1 1 1 0 1 1 1 0 1
 0 0 1 0 1 0 1 1 1 1 1 1 0 0 1 1 0 1 1 1 0 1 1 0 0
 0 0 1 1 1 0 1 1 1 1 0 1 0 0 0 1 1 1 1 1 1 0 0 0 1
 0 0 0 1 1 1 1 1 1 1 1 0 1 0 0 1 1 0 1 1 1 1 0 1 0
 0 0 1 0 1 1 0 1 1 1 1 1 1 1 1 0 1 0 1 0 1 1 1 1 1
 0 1 1 1 1 1 0 1 1 0 1 1 0 1 1 1 0 1 1 0 1 1 1 0 1
 1 0 1 1 1 1 0 1 1 0 1 1 1 1 0 0 1 0 1 1 1 0 1 1 1
 1 1 1 1 1 1 0 0 1 1 1 1 1 1 1 1 1 1 0 1 0 1 1 0 1
 0 1 1 1 1 1 0 0 1 0 1 0 1 1 1 0 0 1 1 0 1 0 1 1 1
 0 1 1 0 1 1 1 1 1 0 1 1 0 1 1 1 1 1 0 1 0 1 1 1 0
 1 1 1 1 1 1 0 1 1 0 0 1 1 0 1 1 1 0 1 0 1 0 0 0 0
 1 0 1 0 1 1 1 0 1 1 1 1 1 0 0 1 1 1 1 1 1 0 0 0 1
 1 0 0 1 1 0 1 1 0 0 1 0 0 0 1 1 0 1 0 1 1 0 0 0 0
 0 1 0 1 1 1 0 1 1 1 0 1 0 1 0 1 1 1 1 1 0 0 1 0 0
