25
   15   83   23   36   63   59   75    8   67   12   71   58   98   71  105  160    5   10    7   32    1  129   49   59   67
 0 0 0 0 0 0 0 1 0 0 0 1 1 1 1 1 0 0 0 0 0 0 1 1 1
 0 0 0 0 1 0 0 0 1 0 1 0 0 1 1 0 1 1 0 1 1 1 1 1 1
 0 0 0 0 0 1 1 1 0 0 1 0 1 1 0 1 1 1 0 0 0 0 1 1 1
 0 0 0 0 0 0 0 0 0 0 0 1 1 1 0 1 0 1 0 1 1 0 1 1 0
 0 1 0 0 0 0 1 0 1 0 0 1 0 1 1 1 1 1 1 0 1 1 1 1 1
 0 0 1 0 0 0 0 1 0 0 1 1 1 1 0 0 0 1 0 0 0 1 0 0 1
 0 0 1 0 1 0 0 0 0 0 1 0 1 1 0 1 1 0 1 1 1 1 1 0 1
 1 0 1 0 0 1 0 0 0 0 0 1 0 1 0 0 1 1 1 1 0 0 0 0 0
 0 1 0 0 1 0 0 0 0 1 1 1 0 1 1 1 1 1 0 0 0 1 0 0 0
 0 0 0 0 0 0 0 0 1 0 1 0 0 1 0 1 0 0 0 0 0 1 0 0 0
 0 1 1 0 0 1 1 0 1 1 0 1 0 1 0 1 0 0 1 0 0 0 1 1 0
 1 0 0 1 1 1 0 1 1 0 1 0 1 0 0 1 1 1 1 0 0 1 0 0 1
 1 0 1 1 0 1 1 0 0 0 0 1 0 1 1 0 0 0 1 1 0 1 1 1 0
 1 1 1 1 1 1 1 1 1 1 1 0 1 0 0 0 0 1 0 1 0 1 0 1 1
 1 1 0 0 1 0 0 0 1 0 0 0 1 0 0 1 1 0 0 1 1 1 1 0 0
 1 0 1 1 1 0 1 0 1 1 1 1 0 0 1 0 0 1 1 0 1 1 0 1 0
 0 1 1 0 1 0 1 1 1 0 0 1 0 0 1 0 0 0 0 1 1 0 1 1 0
 0 1 1 1 1 1 0 1 1 0 0 1 0 1 0 1 0 0 1 1 0 1 1 0 1
 0 0 0 0 1 0 1 1 0 0 1 1 1 0 0 1 0 1 0 1 1 0 0 0 0
 0 1 0 1 0 0 1 1 0 0 0 0 1 1 1 0 1 1 1 0 1 1 1 1 0
 0 1 0 1 1 0 1 0 0 0 0 0 0 0 1 1 1 0 1 1 0 1 1 0 0
 0 1 0 0 1 1 1 0 1 1 0 1 1 1 1 1 0 1 0 1 1 0 1 1 0
 1 1 1 1 1 0 1 0 0 0 1 0 1 0 1 0 1 1 0 1 1 1 0 0 0
 1 1 1 1 1 0 0 0 0 0 1 0 1 1 0 1 1 0 0 1 0 1 0 0 0
 1 1 1 0 1 1 1 0 0 0 0 1 0 1 0 0 0 1 0 0 0 0 0 0 0
