20
  101   73   42  109   24   75   63   47   87   45   77  111   34   26   91   57   72   92   38   32
 0 1 0 1 1 0 0 0 0 1 1 0 0 1 0 0 1 0 0 0
 1 0 1 0 0 1 1 0 0 0 0 1 0 0 0 0 1 0 0 0
 0 1 0 0 1 0 0 1 0 0 1 0 0 1 0 0 1 1 0 0
 1 0 0 0 1 1 0 0 1 0 0 1 0 0 0 0 1 1 1 0
 1 0 1 1 0 1 0 1 1 0 0 0 0 1 0 1 0 0 0 0
 0 1 0 1 1 0 0 0 0 1 0 0 0 1 0 0 0 1 0 0
 0 1 0 0 0 0 0 0 1 0 0 1 1 0 0 0 0 0 0 0
 0 0 1 0 1 0 0 0 0 1 1 1 1 0 0 1 1 0 0 0
 0 0 0 1 1 0 1 0 0 1 1 1 0 1 0 1 1 1 1 1
 1 0 0 0 0 1 0 1 1 0 1 0 1 0 0 1 1 1 0 0
 1 0 1 0 0 0 0 1 1 1 0 1 1 1 1 0 0 0 1 1
 0 1 0 1 0 0 1 1 1 0 1 0 1 1 1 1 0 0 1 0
 0 0 0 0 0 0 1 1 0 1 1 1 0 1 0 0 0 1 0 1
 1 0 1 0 1 1 0 0 1 0 1 1 1 0 0 1 1 1 0 0
 0 0 0 0 0 0 0 0 0 0 1 1 0 0 0 0 0 0 1 1
 0 0 0 0 1 0 0 1 1 1 0 1 0 1 0 0 1 0 0 1
 1 1 1 1 0 0 0 1 1 1 0 0 0 1 0 1 0 0 1 0
 0 0 1 1 0 1 0 0 1 1 0 0 1 1 0 0 0 0 1 0
 0 0 0 1 0 0 0 0 1 0 1 1 0 0 1 0 1 1 0 1
 0 0 0 0 0 0 0 0 1 0 1 0 1 0 1 1 0 0 1 0
