25
  147  142   81   51   69  142   27  100   65  181   15   16  101   71   45   23   26   53   37   61  107   22   63   80   80
 0 0 0 1 0 1 0 1 1 1 1 0 1 1 0 1 0 0 0 1 1 0 1 1 1
 0 0 1 0 1 1 1 0 1 1 0 1 1 1 1 1 0 1 1 0 1 1 0 0 1
 0 1 0 0 0 1 1 1 0 1 0 1 0 1 1 1 0 1 1 0 0 1 1 1 1
 1 0 0 0 0 1 0 1 1 0 1 0 1 1 0 1 0 0 1 1 0 1 1 1 1
 0 1 0 0 0 1 1 0 1 1 0 0 1 1 0 0 1 0 0 1 0 0 1 1 1
 1 1 1 1 1 0 0 1 0 1 0 0 1 0 0 0 0 1 0 1 1 0 0 0 1
 0 1 1 0 1 0 0 0 1 0 0 1 0 0 1 1 0 1 1 1 0 1 1 0 0
 1 0 1 1 0 1 0 0 1 1 1 0 0 1 0 1 1 0 0 1 1 1 0 1 0
 1 1 0 1 1 0 1 1 0 0 0 0 0 0 1 0 0 1 0 0 1 0 0 0 1
 1 1 1 0 1 1 0 1 0 0 1 1 1 0 1 1 0 1 1 1 1 1 0 0 0
 1 0 0 1 0 0 0 1 0 1 0 0 0 1 1 0 0 0 0 0 1 0 0 0 0
 0 1 1 0 0 0 1 0 0 1 0 0 1 1 0 0 0 1 0 1 1 1 0 0 0
 1 1 0 1 1 1 0 0 0 1 0 1 0 0 0 0 1 1 1 1 1 1 0 0 0
 1 1 1 1 1 0 0 1 0 0 1 1 0 0 0 0 0 0 1 1 1 0 1 0 0
 0 1 1 0 0 0 1 0 1 1 1 0 0 0 0 0 0 0 0 0 0 0 0 0 1
 1 1 1 1 0 0 1 1 0 1 0 0 0 0 0 0 1 1 1 0 1 0 0 0 0
 0 0 0 0 1 0 0 1 0 0 0 0 1 0 0 1 0 0 1 1 1 0 1 1 1
 0 1 1 0 0 1 1 0 1 1 0 1 1 0 0 1 0 0 1 1 0 0 1 1 0
 0 1 1 1 0 0 1 0 0 1 0 0 1 1 0 1 1 1 0 0 0 1 1 1 0
 1 0 0 1 1 1 1 1 0 1 0 1 1 1 0 0 1 1 0 0 0 0 1 0 0
 1 1 0 0 0 1 0 1 1 1 1 1 1 1 0 1 1 0 0 0 0 1 0 1 0
 0 1 1 1 0 0 1 1 0 1 0 1 1 0 0 0 0 0 1 0 1 0 0 0 1
 1 0 1 1 1 0 1 0 0 0 0 0 0 1 0 0 1 1 1 1 0 0 0 0 1
 1 0 1 1 1 0 0 1 0 0 0 0 0 0 0 0 1 1 1 0 1 0 0 0 0
 1 1 1 1 1 1 0 0 1 0 0 0 0 0 1 0 1 0 0 0 0 1 1 0 0
