25
  113  115   42  111  190   56   22   44  122   64   38  149   94   85   54   39  215   45   58   20  117   62   43   17   79
 0 1 0 1 1 1 1 1 0 0 0 1 1 0 0 1 0 0 0 0 1 0 0 1 0
 1 0 0 1 0 1 0 1 1 0 0 1 0 0 0 1 0 1 0 1 1 1 1 1 0
 0 0 0 1 1 1 1 1 0 1 0 0 1 1 0 1 0 1 0 0 0 0 0 1 0
 1 1 1 0 0 0 0 0 0 0 0 1 1 1 1 0 1 0 1 1 1 0 1 0 0
 1 0 1 0 0 1 1 1 1 0 1 0 1 1 1 1 0 0 0 1 1 1 0 0 1
 1 1 1 0 1 0 1 0 1 0 0 1 1 0 1 1 1 0 1 0 1 1 0 0 0
 1 0 1 0 1 1 0 0 1 0 0 0 0 1 1 1 1 1 0 0 0 0 0 0 1
 1 1 1 0 1 0 0 0 0 0 0 0 1 1 0 1 1 0 0 0 1 1 0 1 1
 0 1 0 0 1 1 1 0 0 1 0 1 0 0 1 0 0 0 0 1 0 1 1 1 1
 0 0 1 0 0 0 0 0 1 0 0 1 0 0 0 0 1 1 0 0 1 1 1 0 1
 0 0 0 0 1 0 0 0 0 0 0 0 1 0 1 0 1 1 1 0 1 0 0 1 0
 1 1 0 1 0 1 0 0 1 1 0 0 1 1 0 0 1 1 1 0 1 1 1 0 0
 1 0 1 1 1 1 0 1 0 0 1 1 0 0 1 0 0 1 1 1 1 1 1 0 0
 0 0 1 1 1 0 1 1 0 0 0 1 0 0 1 1 1 1 0 1 1 1 1 0 0
 0 0 0 1 1 1 1 0 1 0 1 0 1 1 0 1 1 0 1 1 0 0 0 1 0
 1 1 1 0 1 1 1 1 0 0 0 0 0 1 1 0 0 0 1 0 1 0 1 0 1
 0 0 0 1 0 1 1 1 0 1 1 1 0 1 1 0 0 1 1 1 0 1 0 1 1
 0 1 1 0 0 0 1 0 0 1 1 1 1 1 0 0 1 0 0 0 0 1 1 0 0
 0 0 0 1 0 1 0 0 0 0 1 1 1 0 1 1 1 0 0 0 1 0 0 0 1
 0 1 0 1 1 0 0 0 1 0 0 0 1 1 1 0 1 0 0 0 1 1 1 1 1
 1 1 0 1 1 1 0 1 0 1 1 1 1 1 0 1 0 0 1 1 0 0 0 0 0
 0 1 0 0 1 1 0 1 1 1 0 1 1 1 0 0 1 1 0 1 0 0 0 0 0
 0 1 0 1 0 0 0 0 1 1 0 1 1 1 0 1 0 1 0 1 0 0 0 0 0
 1 1 1 0 0 0 0 1 1 0 1 0 0 0 1 0 1 0 0 1 0 0 0 0 0
 0 0 0 0 1 0 1 1 1 1 0 0 0 0 0 1 1 0 1 1 0 0 0 0 0
