25
   70  132    1   34   96   43  179  197   24   83   27   15    6   64  112   10   22   22  128    3   29   89   39  116   94
 0 0 1 0 0 1 1 0 0 1 1 1 0 1 1 0 0 1 1 0 1 0 0 1 1
 0 0 1 1 1 1 0 1 0 0 1 0 0 1 1 0 0 1 0 0 1 0 0 1 1
 1 1 0 0 0 0 0 1 1 0 1 1 1 0 1 1 1 0 1 1 0 1 1 1 0
 0 1 0 0 0 0 1 0 0 0 1 0 1 0 0 0 1 1 0 1 0 0 0 0 0
 0 1 0 0 0 0 1 1 0 1 0 0 1 1 0 1 1 0 1 0 1 0 1 0 0
 1 1 0 0 0 0 0 1 1 0 0 1 1 1 0 1 1 0 1 1 1 1 0 0 0
 1 0 0 1 1 0 0 1 0 1 1 1 1 1 0 0 0 0 1 1 1 0 1 0 1
 0 1 1 0 1 1 1 0 1 0 1 1 1 0 0 1 1 1 0 1 1 1 1 0 0
 0 0 1 0 0 1 0 1 0 1 1 1 1 0 1 0 0 0 1 0 0 0 1 1 0
 1 0 0 0 1 0 1 0 1 0 0 1 0 0 1 1 1 0 0 0 1 1 0 0 1
 1 1 1 1 0 0 1 1 1 0 0 0 0 1 1 0 1 1 1 0 1 1 0 1 1
 1 0 1 0 0 1 1 1 1 1 0 0 0 0 1 0 1 0 0 1 1 0 1 1 0
 0 0 1 1 1 1 1 1 1 0 0 0 0 0 0 1 1 0 0 0 0 0 0 0 0
 1 1 0 0 1 1 1 0 0 0 1 0 0 0 0 0 1 1 0 0 1 1 1 0 0
 1 1 1 0 0 0 0 0 1 1 1 1 0 0 0 0 0 0 1 0 1 0 1 0 1
 0 0 1 0 1 1 0 1 0 1 0 0 1 0 0 0 0 0 0 0 0 0 0 0 1
 0 0 1 1 1 1 0 1 0 1 1 1 1 1 0 0 0 0 1 0 0 1 0 1 1
 1 1 0 1 0 0 0 1 0 0 1 0 0 1 0 0 0 0 1 1 0 0 1 1 1
 1 0 1 0 1 1 1 0 1 0 1 0 0 0 1 0 1 1 0 1 1 0 0 1 1
 0 0 1 1 0 1 1 1 0 0 0 1 0 0 0 0 0 1 1 0 0 1 1 1 0
 1 1 0 0 1 1 1 1 0 1 1 1 0 1 1 0 0 0 1 0 0 1 1 0 0
 0 0 1 0 0 1 0 1 0 1 1 0 0 1 0 0 1 0 0 1 1 0 0 0 1
 0 0 1 0 1 0 1 1 1 0 0 1 0 1 1 0 0 1 0 1 1 0 0 1 0
 1 1 1 0 0 0 0 0 1 0 1 1 0 0 0 0 1 1 1 1 0 0 1 0 1
 1 1 0 0 0 0 1 0 0 1 1 0 0 0 1 1 1 1 1 0 0 1 0 1 0
