25
   88   62  107   78   82   92   62   81   91   28   99   20   96   71   34   40   33  105   34  102   37   76   52   56   94
 0 0 0 0 0 1 1 0 1 0 1 0 1 0 0 1 1 1 1 1 0 1 0 1 0
 0 0 1 0 1 1 1 1 0 1 1 1 1 1 1 1 1 1 1 0 1 0 1 0 0
 0 1 0 0 0 1 0 0 1 1 1 1 1 1 0 1 1 1 0 1 1 0 1 1 1
 0 0 0 0 0 1 1 1 1 1 1 1 0 0 1 1 1 0 1 1 1 0 0 1 0
 0 1 0 0 0 1 1 0 0 1 1 1 1 1 0 1 0 1 1 0 1 1 1 0 0
 1 1 1 1 1 0 1 1 1 0 1 1 1 0 1 1 1 1 0 1 1 1 0 1 0
 1 1 0 1 1 1 0 0 1 1 0 1 1 1 1 1 1 0 1 1 1 1 0 0 1
 0 1 0 1 0 1 0 0 0 0 0 0 0 0 0 0 0 1 1 1 0 0 1 1 1
 1 0 1 1 0 1 1 0 0 1 0 1 0 1 1 0 1 1 1 1 1 1 0 1 1
 0 1 1 1 1 0 1 0 1 0 1 1 1 1 0 1 1 0 1 1 0 1 1 1 1
 1 1 1 1 1 1 0 0 0 1 0 1 1 1 1 1 0 1 1 0 1 1 1 1 1
 0 1 1 1 1 1 1 0 1 1 1 0 0 1 1 1 0 0 1 0 1 1 0 0 1
 1 1 1 0 1 1 1 0 0 1 1 0 0 0 1 1 1 1 1 1 1 1 0 1 1
 0 1 1 0 1 0 1 0 1 1 1 1 0 0 0 0 1 0 1 1 1 1 0 1 0
 0 1 0 1 0 1 1 0 1 0 1 1 1 0 0 1 1 1 0 1 1 0 0 0 0
 1 1 1 1 1 1 1 0 0 1 1 1 1 0 1 0 1 1 1 1 1 0 0 0 1
 1 1 1 1 0 1 1 0 1 1 0 0 1 1 1 1 0 0 1 1 0 1 1 1 1
 1 1 1 0 1 1 0 1 1 0 1 0 1 0 1 1 0 0 1 1 1 1 1 1 1
 1 1 0 1 1 0 1 1 1 1 1 1 1 1 0 1 1 1 0 1 1 1 1 1 1
 1 0 1 1 0 1 1 1 1 1 0 0 1 1 1 1 1 1 1 0 1 0 1 0 1
 0 1 1 1 1 1 1 0 1 0 1 1 1 1 1 1 0 1 1 1 0 1 1 0 0
 1 0 0 0 1 1 1 0 1 1 1 1 1 1 0 0 1 1 1 0 1 0 0 0 1
 0 1 1 0 1 0 0 1 0 1 1 0 0 0 0 0 1 1 1 1 1 0 0 1 0
 1 0 1 1 0 1 0 1 1 1 1 0 1 1 0 0 1 1 1 0 0 0 1 0 0
 0 0 1 0 0 0 1 1 1 1 1 1 1 0 0 1 1 1 1 1 0 1 0 0 0
