25
   82  168  136   28  147  225  115  172  266  155   62   11   99  160   38   95   82  154   84  165  205   35   82  191   28
 0 1 0 1 1 1 1 1 1 1 0 1 0 0 0 1 1 1 1 0 0 0 1 1 1
 1 0 1 0 1 1 1 0 1 0 1 1 1 1 1 1 1 1 1 1 0 1 0 1 0
 0 1 0 1 1 0 1 1 1 0 1 0 0 1 1 1 1 1 1 0 1 0 1 1 0
 1 0 1 0 1 1 1 0 1 1 1 1 1 1 0 1 0 1 1 1 0 0 1 0 1
 1 1 1 1 0 0 1 1 0 1 1 1 1 1 0 0 1 1 1 1 1 1 1 1 1
 1 1 0 1 0 0 0 1 0 1 0 1 1 1 1 0 1 0 0 1 1 1 1 1 0
 1 1 1 1 1 0 0 1 1 0 1 1 0 1 0 1 1 1 1 1 1 1 1 1 0
 1 0 1 0 1 1 1 0 0 1 0 1 0 1 0 1 1 1 1 1 0 0 1 1 1
 1 1 1 1 0 0 1 0 0 0 1 0 1 1 1 1 0 0 1 1 1 1 1 1 1
 1 0 0 1 1 1 0 1 0 0 0 1 1 1 0 0 1 0 1 0 1 1 0 1 0
 0 1 1 1 1 0 1 0 1 0 0 1 0 1 1 1 1 1 0 1 1 1 1 0 0
 1 1 0 1 1 1 1 1 0 1 1 0 0 0 1 0 0 0 1 1 1 1 0 1 0
 0 1 0 1 1 1 0 0 1 1 0 0 0 1 1 1 1 1 0 0 0 1 0 1 0
 0 1 1 1 1 1 1 1 1 1 1 0 1 0 1 1 0 1 1 1 0 0 1 0 1
 0 1 1 0 0 1 0 0 1 0 1 1 1 1 0 1 1 1 1 1 1 0 0 1 1
 1 1 1 1 0 0 1 1 1 0 1 0 1 1 1 0 1 0 0 1 1 1 1 1 0
 1 1 1 0 1 1 1 1 0 1 1 0 1 0 1 1 0 0 1 0 1 1 0 0 0
 1 1 1 1 1 0 1 1 0 0 1 0 1 1 1 0 0 0 0 1 0 0 0 1 1
 1 1 1 1 1 0 1 1 1 1 0 1 0 1 1 0 1 0 0 1 1 0 0 1 1
 0 1 0 1 1 1 1 1 1 0 1 1 0 1 1 1 0 1 1 0 1 1 1 0 1
 0 0 1 0 1 1 1 0 1 1 1 1 0 0 1 1 1 0 1 1 0 1 1 1 0
 0 1 0 0 1 1 1 0 1 1 1 1 1 0 0 1 1 0 0 1 1 0 1 1 1
 1 0 1 1 1 1 1 1 1 0 1 0 0 1 0 1 0 0 0 1 1 1 0 0 0
 1 1 1 0 1 1 1 1 1 1 0 1 1 0 1 1 0 1 1 0 1 1 0 0 0
 1 0 0 1 1 0 0 1 1 0 0 0 0 1 1 0 0 1 1 1 0 1 0 0 0
