20
    2   13    2   13   14   12    9    2   43    7   33    5    1   25    1    6    5   11    8   21
 0 0 0 1 0 0 0 1 0 1 1 0 0 0 0 0 1 0 0 0
 0 0 0 0 1 0 0 1 0 0 0 0 0 0 1 1 0 0 0 0
 0 0 0 1 0 0 0 0 0 0 1 0 0 0 0 0 0 0 0 0
 1 0 1 0 0 0 1 0 0 0 0 1 0 0 0 1 0 0 0 0
 0 1 0 0 0 0 0 0 1 0 0 0 1 1 0 0 1 0 0 1
 0 0 0 0 0 0 0 0 1 1 0 1 0 1 0 0 0 0 0 1
 0 0 0 1 0 0 0 0 1 0 0 0 0 1 0 0 0 0 0 1
 1 1 0 0 0 0 0 0 0 0 0 0 0 0 0 1 0 0 0 0
 0 0 0 0 1 1 1 0 0 1 1 0 0 1 0 0 0 1 1 0
 1 0 0 0 0 1 0 0 1 0 0 0 0 0 0 0 0 1 0 0
 1 0 1 0 0 0 0 0 1 0 0 0 0 0 0 0 1 1 1 0
 0 0 0 1 0 1 0 0 0 0 0 0 0 0 0 0 0 0 0 0
 0 0 0 0 1 0 0 0 0 0 0 0 0 0 0 0 0 0 1 0
 0 0 0 0 1 1 1 0 1 0 0 0 0 0 0 0 0 0 0 1
 0 1 0 0 0 0 0 0 0 0 0 0 0 0 0 0 0 0 0 0
 0 1 0 1 0 0 0 1 0 0 0 0 0 0 0 0 0 0 0 0
 1 0 0 0 1 0 0 0 0 0 1 0 0 0 0 0 0 0 0 0
 0 0 0 0 0 0 0 0 1 1 1 0 0 0 0 0 0 0 0 1
 0 0 0 0 0 0 0 0 1 0 1 0 1 0 0 0 0 0 0 0
 0 0 0 0 1 1 1 0 0 0 0 0 0 1 0 0 0 1 0 0
