20
    3   35   29   17   42    4  132   75  107   13   42   46   32   58  165   54  133   22   58  116
 0 1 0 1 1 0 1 0 1 0 1 1 0 1 0 0 0 0 1 0
 1 0 0 1 0 0 1 1 1 1 0 0 0 0 1 1 0 0 0 1
 0 0 0 0 0 0 1 1 0 1 0 0 0 0 1 0 1 0 1 1
 1 1 0 0 0 1 1 1 0 1 1 0 0 1 0 0 1 0 1 1
 1 0 0 0 0 1 0 1 1 1 0 1 0 1 1 0 1 1 0 1
 0 0 0 1 1 0 1 0 1 1 0 1 1 0 0 1 1 0 1 1
 1 1 1 1 0 1 0 1 1 0 0 0 1 0 1 1 0 1 0 1
 0 1 1 1 1 0 1 0 0 0 1 0 1 0 1 1 0 1 0 0
 1 1 0 0 1 1 1 0 0 1 1 0 1 0 1 1 0 1 0 1
 0 1 1 1 1 1 0 0 1 0 0 0 0 0 1 1 0 1 0 0
 1 0 0 1 0 0 0 1 1 0 0 0 0 0 1 0 1 0 0 1
 1 0 0 0 1 1 0 0 0 0 0 0 1 1 1 1 1 1 1 1
 0 0 0 0 0 1 1 1 1 0 0 1 0 1 0 0 1 0 0 0
 1 0 0 1 1 0 0 0 0 0 0 1 1 0 1 0 0 1 1 0
 0 1 1 0 1 0 1 1 1 1 1 1 0 1 0 1 1 0 1 0
 0 1 0 0 0 1 1 1 1 1 0 1 0 0 1 0 1 0 1 1
 0 0 1 1 1 1 0 0 0 0 1 1 1 0 1 1 0 1 1 1
 0 0 0 0 1 0 1 1 1 1 0 1 0 1 0 0 1 0 0 1
 1 0 1 1 0 1 0 0 0 0 0 1 0 1 1 1 1 0 0 0
 0 1 1 1 1 1 1 0 1 0 1 1 0 0 0 1 1 1 0 0
