25
  101   81   98   84   57   46   76   83  114   79   80  109  100   66   54   46   87   42  115   28   49   83  100   29   43
 0 0 0 0 0 0 0 0 0 0 0 0 0 0 0 1 0 1 0 0 0 0 0 0 1
 0 0 0 1 1 0 0 1 1 0 0 0 0 0 0 0 1 1 1 0 1 0 0 0 0
 0 0 0 0 0 0 0 1 0 0 0 0 0 0 0 0 0 0 0 1 0 0 0 0 0
 0 1 0 0 0 1 0 0 0 0 0 0 0 0 0 1 1 0 1 0 1 0 0 0 1
 0 1 0 0 0 0 1 1 0 1 0 1 0 1 0 0 1 0 0 0 0 0 1 1 0
 0 0 0 1 0 0 0 0 0 0 0 0 0 0 1 1 0 0 0 0 0 0 1 0 1
 0 0 0 0 1 0 0 0 0 0 0 1 0 0 1 0 0 0 1 0 1 0 0 1 1
 0 1 1 0 1 0 0 0 0 0 1 0 0 1 0 1 0 1 0 0 0 1 0 0 0
 0 1 0 0 0 0 0 0 0 0 0 0 1 0 0 0 0 0 0 0 0 0 0 0 0
 0 0 0 0 1 0 0 0 0 0 0 1 0 0 0 0 0 0 0 0 0 0 0 0 0
 0 0 0 0 0 0 0 1 0 0 0 0 0 1 0 1 0 0 0 0 0 0 0 1 0
 0 0 0 0 1 0 1 0 0 1 0 0 1 1 0 0 0 0 0 0 0 0 0 0 0
 0 0 0 0 0 0 0 0 1 0 0 1 0 0 1 0 0 1 1 0 0 0 1 0 1
 0 0 0 0 1 0 0 1 0 0 1 1 0 0 1 0 1 1 0 0 0 0 0 0 0
 0 0 0 0 0 1 1 0 0 0 0 0 1 1 0 1 0 1 1 0 0 0 1 0 0
 1 0 0 1 0 1 0 1 0 0 1 0 0 0 1 0 0 1 0 0 1 0 1 0 0
 0 1 0 1 1 0 0 0 0 0 0 0 0 1 0 0 0 1 1 1 0 1 0 1 1
 1 1 0 0 0 0 0 1 0 0 0 0 1 1 1 1 1 0 1 1 0 1 1 1 0
 0 1 0 1 0 0 1 0 0 0 0 0 1 0 1 0 1 1 0 0 0 1 0 0 0
 0 0 1 0 0 0 0 0 0 0 0 0 0 0 0 0 1 1 0 0 0 0 1 0 0
 0 1 0 1 0 0 1 0 0 0 0 0 0 0 0 1 0 0 0 0 0 1 0 1 1
 0 0 0 0 0 0 0 1 0 0 0 0 0 0 0 0 1 1 1 0 1 0 0 0 0
 0 0 0 0 1 1 0 0 0 0 0 0 1 0 1 1 0 1 0 1 0 0 0 0 0
 0 0 0 0 1 0 1 0 0 0 1 0 0 0 0 0 1 1 0 0 1 0 0 0 0
 1 0 0 1 0 1 1 0 0 0 0 0 1 0 0 0 1 0 0 0 1 0 0 0 0
