20
   64  108   34   92  100  103   37   60   52   37  109  106   27   39   31   84  113   66  116   58
 0 0 0 0 0 1 0 0 0 0 1 0 0 0 0 1 0 0 0 1
 0 0 0 0 1 0 0 1 0 0 0 0 0 0 0 0 0 0 0 1
 0 0 0 0 0 1 1 0 0 0 0 0 0 0 0 0 0 0 0 0
 0 0 0 0 0 0 1 0 0 1 0 0 0 0 0 0 0 0 1 1
 0 1 0 0 0 1 0 0 0 0 0 0 0 0 0 0 0 0 0 0
 1 0 1 0 1 0 1 0 1 0 0 0 1 0 0 0 0 1 0 0
 0 0 1 1 0 1 0 0 0 0 0 0 0 0 1 0 0 0 0 0
 0 1 0 0 0 0 0 0 0 0 0 0 1 0 0 0 0 0 0 0
 0 0 0 0 0 1 0 0 0 1 0 0 0 0 0 0 0 0 0 0
 0 0 0 1 0 0 0 0 1 0 0 0 1 1 0 0 0 1 1 0
 1 0 0 0 0 0 0 0 0 0 0 0 1 1 1 0 1 0 0 0
 0 0 0 0 0 0 0 0 0 0 0 0 0 0 0 0 0 1 1 1
 0 0 0 0 0 1 0 1 0 1 1 0 0 0 0 1 0 1 1 0
 0 0 0 0 0 0 0 0 0 1 1 0 0 0 0 0 0 1 0 0
 0 0 0 0 0 0 1 0 0 0 1 0 0 0 0 0 0 1 0 0
 1 0 0 0 0 0 0 0 0 0 0 0 1 0 0 0 0 0 0 1
 0 0 0 0 0 0 0 0 0 0 1 0 0 0 0 0 0 0 1 0
 0 0 0 0 0 1 0 0 0 1 0 1 1 1 1 0 0 0 0 0
 0 0 0 1 0 0 0 0 0 1 0 1 1 0 0 0 1 0 0 1
 1 1 0 1 0 0 0 0 0 0 0 1 0 0 0 1 0 0 1 0
