20
   80   57  118  119   20    3   61   98  129   92   51   76   69   24   26  101   24  123  100   43
 0 1 1 0 1 0 0 1 1 1 1 1 0 1 1 1 0 0 1 1
 1 0 1 1 0 0 1 1 1 1 1 0 0 0 1 0 1 1 1 1
 1 1 0 1 1 1 0 1 0 1 0 1 0 1 0 0 0 1 1 0
 0 1 1 0 0 1 1 1 1 1 1 0 0 1 1 1 1 0 1 0
 1 0 1 0 0 0 0 1 1 0 1 1 1 1 0 1 1 1 1 1
 0 0 1 1 0 0 0 1 0 1 1 1 0 0 0 1 1 1 0 1
 0 1 0 1 0 0 0 1 1 1 1 1 0 0 1 1 0 0 1 0
 1 1 1 1 1 1 1 0 1 1 0 1 1 1 1 1 1 1 0 0
 1 1 0 1 1 0 1 1 0 0 0 1 1 0 0 1 0 1 1 1
 1 1 1 1 0 1 1 1 0 0 1 1 1 1 0 0 1 1 0 1
 1 1 0 1 1 1 1 0 0 1 0 0 0 0 1 0 0 0 1 1
 1 0 1 0 1 1 1 1 1 1 0 0 0 1 1 1 1 0 0 0
 0 0 0 0 1 0 0 1 1 1 0 0 0 0 1 0 1 1 1 1
 1 0 1 1 1 0 0 1 0 1 0 1 0 0 1 0 0 0 1 1
 1 1 0 1 0 0 1 1 0 0 1 1 1 1 0 1 1 1 0 0
 1 0 0 1 1 1 1 1 1 0 0 1 0 0 1 0 1 1 1 1
 0 1 0 1 1 1 0 1 0 1 0 1 1 0 1 1 0 1 0 1
 0 1 1 0 1 1 0 1 1 1 0 0 1 0 1 1 1 0 1 1
 1 1 1 1 1 0 1 0 1 0 1 0 1 1 0 1 0 1 0 0
 1 1 0 0 1 1 0 0 1 1 1 0 1 1 0 1 1 1 0 0
