20
   55   51   38   13   26   25    8  119   21   62    9   94   36   47   42   98   46  101   19  117
 0 1 0 1 0 1 0 1 1 0 0 1 1 1 0 1 1 0 0 0
 1 0 1 1 1 1 0 1 0 0 1 1 0 0 1 0 0 0 1 0
 0 1 0 1 0 0 0 1 0 1 0 0 0 1 0 1 1 0 0 0
 1 1 1 0 0 1 1 0 0 1 1 1 0 0 1 1 1 1 0 0
 0 1 0 0 0 0 0 1 0 1 1 1 0 1 0 1 0 1 0 0
 1 1 0 1 0 0 0 0 1 1 1 0 1 1 0 0 1 0 0 0
 0 0 0 1 0 0 0 1 0 1 0 1 1 0 1 1 0 1 0 1
 1 1 1 0 1 0 1 0 1 0 0 0 1 0 1 0 1 1 0 1
 1 0 0 0 0 1 0 1 0 0 1 1 1 0 1 0 0 0 0 1
 0 0 1 1 1 1 1 0 0 0 0 1 1 1 0 1 0 1 0 1
 0 1 0 1 1 1 0 0 1 0 0 1 0 0 0 0 0 1 1 0
 1 1 0 1 1 0 1 0 1 1 1 0 0 0 1 0 1 0 0 1
 1 0 0 0 0 1 1 1 1 1 0 0 0 1 0 1 1 1 0 1
 1 0 1 0 1 1 0 0 0 1 0 0 1 0 1 1 1 1 1 1
 0 1 0 1 0 0 1 1 1 0 0 1 0 1 0 1 1 1 0 0
 1 0 1 1 1 0 1 0 0 1 0 0 1 1 1 0 1 0 0 1
 1 0 1 1 0 1 0 1 0 0 0 1 1 1 1 1 0 1 1 1
 0 0 0 1 1 0 1 1 0 1 1 0 1 1 1 0 1 0 1 1
 0 1 0 0 0 0 0 0 0 0 1 0 0 1 0 0 1 1 0 1
 0 0 0 0 0 0 1 1 1 1 0 1 1 1 0 1 1 1 1 0
