20
   34   90   29   80   75  102   81   99  120   85   40   62   55   34   71   49   23   77  102   52
 0 0 0 0 0 0 0 1 0 0 0 0 0 0 0 1 0 0 0 0
 0 0 0 0 0 0 0 1 0 0 0 0 0 0 0 0 0 0 1 0
 0 0 0 0 0 0 0 0 0 0 0 0 0 0 0 0 1 0 0 0
 0 0 0 0 0 0 0 0 0 0 0 0 0 0 1 0 0 1 0 0
 0 0 0 0 0 0 0 0 0 0 0 0 0 0 0 0 0 0 0 0
 0 0 0 0 0 0 0 1 0 0 0 0 0 0 0 0 0 0 0 0
 0 0 0 0 0 0 0 0 0 0 1 1 0 0 1 0 0 0 0 0
 1 1 0 0 0 1 0 0 0 0 0 0 1 0 0 0 0 0 0 1
 0 0 0 0 0 0 0 0 0 0 0 0 0 0 0 0 0 1 0 0
 0 0 0 0 0 0 0 0 0 0 0 0 0 0 0 0 0 0 0 1
 0 0 0 0 0 0 1 0 0 0 0 0 0 0 0 0 1 0 0 0
 0 0 0 0 0 0 1 0 0 0 0 0 0 0 1 0 0 0 1 0
 0 0 0 0 0 0 0 1 0 0 0 0 0 0 0 0 0 0 0 0
 0 0 0 0 0 0 0 0 0 0 0 0 0 0 0 0 0 0 1 0
 0 0 0 1 0 0 1 0 0 0 0 1 0 0 0 0 0 0 0 0
 1 0 0 0 0 0 0 0 0 0 0 0 0 0 0 0 0 0 0 1
 0 0 1 0 0 0 0 0 0 0 1 0 0 0 0 0 0 0 0 0
 0 0 0 1 0 0 0 0 1 0 0 0 0 0 0 0 0 0 0 0
 0 1 0 0 0 0 0 0 0 0 0 1 0 1 0 0 0 0 0 0
 0 0 0 0 0 0 0 1 0 1 0 0 0 0 0 1 0 0 0 0
