20
   14   33    5   16   12   13   19   26    9   46    3   13    9    6   34   16    3    7    4   17
 0 0 0 0 0 0 0 1 0 0 0 0 0 0 0 1 1 0 0 1
 0 0 0 0 1 1 1 0 1 1 0 0 1 0 0 1 0 0 0 0
 0 0 0 0 1 1 0 0 0 0 0 0 1 0 0 0 1 0 0 0
 0 0 0 0 0 0 0 0 1 0 0 0 1 0 0 1 0 0 1 1
 0 1 1 0 0 0 1 0 0 1 0 0 0 1 1 0 0 1 0 0
 0 1 1 0 0 0 1 1 0 0 0 1 0 1 1 0 1 0 0 1
 0 1 0 0 1 1 0 1 0 0 1 0 1 0 1 1 1 0 0 0
 1 0 0 0 0 1 1 0 0 1 0 0 1 0 1 0 0 0 0 0
 0 1 0 1 0 0 0 0 0 1 0 0 0 1 1 1 0 0 0 0
 0 1 0 0 1 0 0 1 1 0 1 1 1 0 0 0 0 0 0 1
 0 0 0 0 0 0 1 0 0 1 0 0 0 0 0 0 0 0 0 0
 0 0 0 0 0 1 0 0 0 1 0 0 0 1 0 0 0 1 0 1
 0 1 1 1 0 0 1 1 0 1 0 0 0 1 0 0 0 0 0 1
 0 0 0 0 1 1 0 0 1 0 0 1 1 0 1 1 0 0 0 0
 0 0 0 0 1 1 1 1 1 0 0 0 0 1 0 0 0 0 0 0
 1 1 0 1 0 0 1 0 1 0 0 0 0 1 0 0 0 0 1 1
 1 0 1 0 0 1 1 0 0 0 0 0 0 0 0 0 0 0 0 1
 0 0 0 0 1 0 0 0 0 0 0 1 0 0 0 0 0 0 0 1
 0 0 0 1 0 0 0 0 0 0 0 0 0 0 0 1 0 0 0 0
 1 0 0 1 0 1 0 0 0 1 0 1 1 0 0 1 1 1 0 0
