20
   28   48   90   60   51   42   78   63   55   34  111   91   55   70  118  101   43   31   59   77
 0 0 1 0 1 1 1 1 1 1 0 1 1 0 1 0 1 1 0 1
 0 0 1 0 1 1 1 1 0 1 0 1 0 1 1 0 0 1 0 0
 1 1 0 1 1 0 0 1 1 1 0 0 1 1 1 0 0 1 1 0
 0 0 1 0 0 1 1 0 0 1 0 1 1 0 0 0 0 1 0 1
 1 1 1 0 0 1 0 0 1 1 0 1 0 0 0 1 0 1 1 0
 1 1 0 1 1 0 0 0 1 0 1 1 1 0 1 0 0 0 1 0
 1 1 0 1 0 0 0 0 1 0 1 0 1 1 1 1 1 0 1 1
 1 1 1 0 0 0 0 0 1 1 1 0 1 0 0 1 1 1 0 1
 1 0 1 0 1 1 1 1 0 1 1 0 1 1 0 0 1 0 0 0
 1 1 1 1 1 0 0 1 1 0 1 0 1 0 1 0 0 1 0 1
 0 0 0 0 0 1 1 1 1 1 0 0 0 0 0 0 0 0 1 1
 1 1 0 1 1 1 0 0 0 0 0 0 1 1 0 1 0 0 0 1
 1 0 1 1 0 1 1 1 1 1 0 1 0 0 0 1 0 1 0 0
 0 1 1 0 0 0 1 0 1 0 0 1 0 0 0 1 0 1 1 0
 1 1 1 0 0 1 1 0 0 1 0 0 0 0 0 1 1 0 1 0
 0 0 0 0 1 0 1 1 0 0 0 1 1 1 1 0 0 0 1 1
 1 0 0 0 0 0 1 1 1 0 0 0 0 0 1 0 0 1 1 1
 1 1 1 1 1 0 0 1 0 1 0 0 1 1 0 0 1 0 0 0
 0 0 1 0 1 1 1 0 0 0 1 0 0 1 1 1 1 0 0 1
 1 0 0 1 0 0 1 1 0 1 1 1 0 0 0 1 1 0 1 0
