20
   60   70  131   61   24   25  104  151  134   80   45    7   68   19   93   78   23  103   87   30
 0 1 1 1 1 1 0 0 0 1 0 1 1 1 0 0 0 1 0 0
 1 0 0 1 1 0 1 0 1 0 0 0 1 0 1 1 1 1 0 0
 1 0 0 0 0 1 1 1 0 1 1 1 1 0 0 1 1 0 1 1
 1 1 0 0 0 0 1 1 0 0 0 0 1 0 1 0 1 1 1 0
 1 1 0 0 0 0 1 1 1 0 0 0 0 1 1 1 1 1 0 1
 1 0 1 0 0 0 1 1 1 1 1 0 0 1 1 1 1 1 1 1
 0 1 1 1 1 1 0 1 0 1 1 1 1 1 1 0 1 1 0 1
 0 0 1 1 1 1 1 0 1 0 1 1 1 1 1 1 1 1 0 0
 0 1 0 0 1 1 0 1 0 1 1 1 1 1 1 1 1 0 0 0
 1 0 1 0 0 1 1 0 1 0 1 0 1 1 1 1 0 1 1 1
 0 0 1 0 0 1 1 1 1 1 0 1 1 0 0 0 1 1 0 1
 1 0 1 0 0 0 1 1 1 0 1 0 1 0 0 1 1 0 0 1
 1 1 1 1 0 0 1 1 1 1 1 1 0 1 1 0 1 0 1 1
 1 0 0 0 1 1 1 1 1 1 0 0 1 0 1 1 1 1 1 1
 0 1 0 1 1 1 1 1 1 1 0 0 1 1 0 1 0 0 1 0
 0 1 1 0 1 1 0 1 1 1 0 1 0 1 1 0 0 0 1 1
 0 1 1 1 1 1 1 1 1 0 1 1 1 1 0 0 0 0 0 1
 1 1 0 1 1 1 1 1 0 1 1 0 0 1 0 0 0 0 1 0
 0 0 1 1 0 1 0 0 0 1 0 0 1 1 1 1 0 1 0 1
 0 0 1 0 1 1 1 0 0 1 1 1 1 1 0 1 1 0 1 0
