20
   69  103   47  119   70   21  115  140   13   55   27   61   14   68   54   61   11   41  127    4
 0 1 1 1 0 0 1 1 1 1 0 0 1 1 0 1 0 1 1 0
 1 0 1 1 1 1 0 1 0 1 1 0 0 1 1 1 0 1 1 0
 1 1 0 0 1 1 1 0 0 0 1 1 1 0 0 1 0 0 1 0
 1 1 0 0 1 0 1 0 1 1 1 0 1 0 1 1 1 1 1 0
 0 1 1 1 0 1 1 1 1 1 0 0 0 1 1 1 0 1 0 0
 0 1 1 0 1 0 1 0 1 1 1 1 0 0 1 1 0 0 1 1
 1 0 1 1 1 1 0 1 1 0 0 1 1 0 1 1 1 1 1 0
 1 1 0 0 1 0 1 0 1 1 1 1 1 1 0 0 1 1 1 1
 1 0 0 1 1 1 1 1 0 0 1 1 1 1 1 1 1 0 1 1
 1 1 0 1 1 1 0 1 0 0 1 0 1 1 1 0 1 0 0 0
 0 1 1 1 0 1 0 1 1 1 0 1 1 1 1 0 0 0 0 1
 0 0 1 0 0 1 1 1 1 0 1 0 0 0 1 1 1 1 1 1
 1 0 1 1 0 0 1 1 1 1 1 0 0 0 1 0 0 0 0 0
 1 1 0 0 1 0 0 1 1 1 1 0 0 0 1 1 0 1 1 1
 0 1 0 1 1 1 1 0 1 1 1 1 1 1 0 0 1 1 1 0
 1 1 1 1 1 1 1 0 1 0 0 1 0 1 0 0 1 1 0 1
 0 0 0 1 0 0 1 1 1 1 0 1 0 0 1 1 0 0 1 0
 1 1 0 1 1 0 1 1 0 0 0 1 0 1 1 1 0 0 0 1
 1 1 1 1 0 1 1 1 1 0 0 1 0 1 1 0 1 0 0 1
 0 0 0 0 0 1 0 1 1 0 1 1 0 1 0 1 0 1 1 0
