20
   57   98   57   56   20   93   67   57   24   37   62   23   71   91   48  117   55   97   92   58
 0 0 1 0 0 1 0 0 0 0 1 0 0 0 0 1 0 0 0 1
 0 0 0 0 0 0 1 0 0 1 1 1 0 1 1 0 0 0 1 0
 1 0 0 1 0 0 1 0 0 0 1 0 1 0 0 0 0 0 1 1
 0 0 1 0 1 1 1 0 0 1 1 1 1 1 0 1 0 0 0 1
 0 0 0 1 0 0 1 0 0 0 0 0 0 1 1 1 1 1 0 0
 1 0 0 1 0 0 0 1 1 1 1 1 0 0 1 1 0 0 0 1
 0 1 1 1 1 0 0 1 0 1 0 1 1 0 1 1 1 0 0 0
 0 0 0 0 0 1 1 0 0 1 0 0 1 0 0 0 0 0 0 0
 0 0 0 0 0 1 0 0 0 0 0 1 0 1 0 1 0 0 1 1
 0 1 0 1 0 1 1 1 0 0 0 0 1 0 0 1 1 0 1 1
 1 1 1 1 0 1 0 0 0 0 0 1 1 0 0 0 0 0 0 1
 0 1 0 1 0 1 1 0 1 0 1 0 1 1 0 1 0 0 1 0
 0 0 1 1 0 0 1 1 0 1 1 1 0 1 0 0 1 1 1 1
 0 1 0 1 1 0 0 0 1 0 0 1 1 0 1 0 0 0 0 1
 0 1 0 0 1 1 1 0 0 0 0 0 0 1 0 0 1 0 1 0
 1 0 0 1 1 1 1 0 1 1 0 1 0 0 0 0 0 1 0 0
 0 0 0 0 1 0 1 0 0 1 0 0 1 0 1 0 0 0 0 0
 0 0 0 0 1 0 0 0 0 0 0 0 1 0 0 1 0 0 1 0
 0 1 1 0 0 0 0 0 1 1 0 1 1 0 1 0 0 1 0 1
 1 0 1 1 0 1 0 0 1 1 1 0 1 1 0 0 0 0 1 0
