20
  112   79   44   30  118  118  103  117   53  100  105   87   80   60   90   44   94  107   36  110
 0 1 1 0 1 1 1 1 0 0 0 0 1 1 1 1 1 0 1 0
 1 0 0 1 0 1 1 0 0 0 1 1 0 0 0 0 0 0 0 0
 1 0 0 0 1 1 1 1 0 0 0 0 0 0 1 1 1 1 1 1
 0 1 0 0 0 1 0 0 1 1 1 1 1 1 0 1 1 1 0 0
 1 0 1 0 0 0 0 1 0 1 0 1 1 1 0 0 0 1 0 0
 1 1 1 1 0 0 0 1 0 1 0 0 1 0 1 0 1 0 1 1
 1 1 1 0 0 0 0 1 0 0 1 0 1 1 1 1 1 1 0 1
 1 0 1 0 1 1 1 0 0 0 0 0 1 1 1 0 0 1 1 1
 0 0 0 1 0 0 0 0 0 0 1 0 0 0 1 1 0 1 0 0
 0 0 0 1 1 1 0 0 0 0 1 1 1 1 1 1 1 1 0 0
 0 1 0 1 0 0 1 0 1 1 0 1 0 1 0 1 1 0 1 1
 0 1 0 1 1 0 0 0 0 1 1 0 1 0 0 0 0 0 1 0
 1 0 0 1 1 1 1 1 0 1 0 1 0 1 1 0 1 1 1 0
 1 0 0 1 1 0 1 1 0 1 1 0 1 0 1 0 0 0 0 0
 1 0 1 0 0 1 1 1 1 1 0 0 1 1 0 1 1 1 1 0
 1 0 1 1 0 0 1 0 1 1 1 0 0 0 1 0 0 1 1 0
 1 0 1 1 0 1 1 0 0 1 1 0 1 0 1 0 0 1 0 0
 0 0 1 1 1 0 1 1 1 1 0 0 1 0 1 1 1 0 1 0
 1 0 1 0 0 1 0 1 0 0 1 1 1 0 1 1 0 1 0 1
 0 0 1 0 0 1 1 1 0 0 1 0 0 0 0 0 0 0 1 0
