25
   28    2   33    9   38   67  181  120   27   46   77   29  122   37   41   48   17    1   19  134   61   69  167   80   98
 0 0 1 0 0 0 1 1 1 0 0 1 1 1 0 1 0 0 1 0 1 1 1 1 0
 0 0 1 0 0 0 1 1 0 1 1 1 1 1 1 0 0 0 1 0 1 0 1 1 0
 1 1 0 1 0 1 1 0 1 0 1 1 1 1 0 1 0 0 1 1 1 1 0 0 0
 0 0 1 0 0 1 0 1 0 0 0 0 1 1 1 0 0 0 0 1 0 1 1 0 1
 0 0 0 0 0 1 1 0 0 0 1 0 1 0 1 1 1 1 1 1 1 0 1 1 1
 0 0 1 1 1 0 1 1 1 1 1 0 0 1 0 1 1 0 0 1 1 1 1 0 0
 1 1 1 0 1 1 0 1 0 1 0 1 1 1 1 0 1 0 0 1 1 1 0 1 0
 1 1 0 1 0 1 1 0 1 1 0 1 0 1 0 0 1 0 1 0 1 1 0 0 1
 1 0 1 0 0 1 0 1 0 0 1 1 0 1 0 1 0 0 0 1 1 0 0 0 0
 0 1 0 0 0 1 1 1 0 0 0 0 0 1 0 0 0 1 0 1 0 0 1 1 0
 0 1 1 0 1 1 0 0 1 0 0 0 1 0 0 0 0 1 1 0 0 1 1 1 1
 1 1 1 0 0 0 1 1 1 0 0 0 0 0 1 0 0 1 1 1 0 1 0 1 1
 1 1 1 1 1 0 1 0 0 0 1 0 0 0 0 1 1 0 0 1 0 0 1 0 0
 1 1 1 1 0 1 1 1 1 1 0 0 0 0 0 1 0 1 1 0 0 0 0 0 0
 0 1 0 1 1 0 1 0 0 0 0 1 0 0 0 1 0 1 1 0 0 0 0 0 1
 1 0 1 0 1 1 0 0 1 0 0 0 1 1 1 0 0 1 0 1 1 1 0 0 0
 0 0 0 0 1 1 1 1 0 0 0 0 1 0 0 0 0 0 0 0 0 0 1 0 0
 0 0 0 0 1 0 0 0 0 1 1 1 0 1 1 1 0 0 0 1 0 1 1 0 1
 1 1 1 0 1 0 0 1 0 0 1 1 0 1 1 0 0 0 0 0 1 0 0 0 0
 0 0 1 1 1 1 1 0 1 1 0 1 1 0 0 1 0 1 0 0 0 1 1 1 1
 1 1 1 0 1 1 1 1 1 0 0 0 0 0 0 1 0 0 1 0 0 1 1 1 1
 1 0 1 1 0 1 1 1 0 0 1 1 0 0 0 1 0 1 0 1 1 0 1 0 0
 1 1 0 1 1 1 0 0 0 1 1 0 1 0 0 0 1 1 0 1 1 1 0 0 0
 1 1 0 0 1 0 1 0 0 1 1 1 0 0 0 0 0 0 0 1 1 0 0 0 1
 0 0 0 1 1 0 0 1 0 0 1 1 0 0 1 0 0 1 0 1 1 0 0 1 0
