20
   84   50   44   86   22   21   39   52   48   53   30   90   72   58  118   88   33  120   22   81
 0 0 0 0 1 0 1 1 0 0 1 0 1 0 1 1 0 1 1 1
 0 0 0 0 1 0 1 0 0 0 0 1 0 0 1 0 1 0 1 0
 0 0 0 1 1 1 1 0 0 1 0 0 1 1 1 0 0 1 1 0
 0 0 1 0 1 0 0 0 1 0 0 1 0 0 1 1 0 0 0 0
 1 1 1 1 0 0 1 0 1 0 1 0 1 0 0 1 1 0 0 1
 0 0 1 0 0 0 0 0 0 1 0 0 0 1 1 0 1 0 0 1
 1 1 1 0 1 0 0 0 1 0 0 1 0 0 0 1 0 0 0 0
 1 0 0 0 0 0 0 0 1 1 0 0 0 0 1 0 1 0 1 1
 0 0 0 1 1 0 1 1 0 0 0 0 1 1 0 0 1 0 0 0
 0 0 1 0 0 1 0 1 0 0 1 0 0 1 0 1 0 1 1 1
 1 0 0 0 1 0 0 0 0 1 0 0 1 0 0 0 1 0 0 0
 0 1 0 1 0 0 1 0 0 0 0 0 0 1 0 0 1 0 1 1
 1 0 1 0 1 0 0 0 1 0 1 0 0 1 0 0 1 0 1 1
 0 0 1 0 0 1 0 0 1 1 0 1 1 0 1 0 1 0 1 0
 1 1 1 1 0 1 0 1 0 0 0 0 0 1 0 0 1 1 0 1
 1 0 0 1 1 0 1 0 0 1 0 0 0 0 0 0 0 0 0 1
 0 1 0 0 1 1 0 1 1 0 1 1 1 1 1 0 0 0 1 1
 1 0 1 0 0 0 0 0 0 1 0 0 0 0 1 0 0 0 0 0
 1 1 1 0 0 0 0 1 0 1 0 1 1 1 0 0 1 0 0 0
 1 0 0 0 1 1 0 1 0 1 0 1 1 0 1 1 1 0 0 0
