20
  110    4   34   95  168   10   28   43   41   48   60   12   35   36   63   20   45   47   13  137
 0 1 1 1 1 0 1 1 1 1 0 0 0 0 1 1 0 0 0 1
 1 0 1 1 1 0 0 0 1 0 0 0 1 1 0 0 1 1 0 1
 1 1 0 1 1 1 1 1 0 1 0 0 0 1 1 1 1 0 0 1
 1 1 1 0 1 1 0 0 1 1 0 1 1 0 1 1 0 1 1 0
 1 1 1 1 0 0 1 0 0 1 1 1 1 1 0 1 1 0 1 1
 0 0 1 1 0 0 0 1 0 1 0 1 0 1 0 1 0 0 0 0
 1 0 1 0 1 0 0 1 0 0 1 0 1 0 1 0 1 1 0 0
 1 0 1 0 0 1 1 0 1 0 1 1 0 0 1 0 0 1 1 0
 1 1 0 1 0 0 0 1 0 0 0 0 0 0 1 0 0 1 0 1
 1 0 1 1 1 1 0 0 0 0 0 0 0 0 1 1 1 1 1 1
 0 0 0 0 1 0 1 1 0 0 0 0 0 0 1 1 0 1 1 1
 0 0 0 1 1 1 0 1 0 0 0 0 1 1 0 0 0 0 0 0
 0 1 0 1 1 0 1 0 0 0 0 1 0 0 0 0 1 1 1 1
 0 1 1 0 1 1 0 0 0 0 0 1 0 0 0 1 1 1 0 0
 1 0 1 1 0 0 1 1 1 1 1 0 0 0 0 1 1 0 0 1
 1 0 1 1 1 1 0 0 0 1 1 0 0 1 1 0 0 1 1 1
 0 1 1 0 1 0 1 0 0 1 0 0 1 1 1 0 0 1 0 0
 0 1 0 1 0 0 1 1 1 1 1 0 1 1 0 1 1 0 0 1
 0 0 0 1 1 0 0 1 0 1 1 0 1 0 0 1 0 0 0 1
 1 1 1 0 1 0 0 0 1 1 1 0 1 0 1 1 0 1 1 0
