20
   55   31   47  112   99   34  113   21   26   23   33   38   22   86   83   35  106  103  108  102
 0 0 1 1 0 0 0 0 0 0 0 0 0 0 0 0 1 0 1 0
 0 0 0 1 0 0 0 1 1 0 0 0 0 1 0 1 1 0 0 1
 1 0 0 0 0 0 0 0 0 0 0 0 1 0 0 1 0 0 0 0
 1 1 0 0 0 0 0 0 0 0 0 0 1 0 1 1 0 1 0 0
 0 0 0 0 0 0 0 1 0 1 0 0 1 0 0 0 0 0 1 0
 0 0 0 0 0 0 0 0 0 1 0 1 1 0 0 1 0 0 0 0
 0 0 0 0 0 0 0 0 0 1 0 0 0 0 0 1 0 0 0 0
 0 1 0 0 1 0 0 0 1 1 0 0 0 0 0 0 0 0 0 0
 0 1 0 0 0 0 0 1 0 0 0 0 0 0 0 0 0 0 0 0
 0 0 0 0 1 1 1 1 0 0 1 0 0 0 1 0 0 1 0 1
 0 0 0 0 0 0 0 0 0 1 0 0 0 0 0 0 0 0 1 0
 0 0 0 0 0 1 0 0 0 0 0 0 0 0 0 1 0 0 0 1
 0 0 1 1 1 1 0 0 0 0 0 0 0 0 0 1 0 1 0 0
 0 1 0 0 0 0 0 0 0 0 0 0 0 0 0 0 0 0 0 0
 0 0 0 1 0 0 0 0 0 1 0 0 0 0 0 0 0 1 0 0
 0 1 1 1 0 1 1 0 0 0 0 1 1 0 0 0 1 0 0 0
 1 1 0 0 0 0 0 0 0 0 0 0 0 0 0 1 0 0 0 0
 0 0 0 1 0 0 0 0 0 1 0 0 1 0 1 0 0 0 0 0
 1 0 0 0 1 0 0 0 0 0 1 0 0 0 0 0 0 0 0 0
 0 1 0 0 0 0 0 0 0 1 0 1 0 0 0 0 0 0 0 0
