25
  163  183   73   27   23   30  247  233  181   38  241  117  125  218   99  103  276   36  289   31  237  137  191   44  242
 0 1 1 1 1 0 1 1 1 1 1 1 1 1 0 1 0 1 1 1 1 0 0 0 0
 1 0 1 1 0 1 0 1 0 1 1 0 1 1 1 1 1 0 1 1 0 1 1 1 1
 1 1 0 0 0 0 0 1 0 1 0 0 1 1 1 1 1 0 0 1 0 1 0 0 1
 1 1 0 0 1 0 1 1 1 1 1 1 0 1 1 1 1 0 1 1 0 1 1 0 1
 1 0 0 1 0 1 1 0 1 1 1 1 0 0 1 0 1 0 1 0 1 1 1 0 0
 0 1 0 0 1 0 1 0 0 1 1 1 1 1 1 0 1 0 1 1 1 0 1 0 1
 1 0 0 1 1 1 0 1 1 0 1 1 1 0 1 0 0 0 1 1 1 0 1 1 1
 1 1 1 1 0 0 1 0 1 1 1 1 1 1 1 0 1 0 1 1 1 0 1 1 1
 1 0 0 1 1 0 1 1 0 1 0 1 0 1 0 0 1 0 0 1 0 1 1 1 1
 1 1 1 1 1 1 0 1 1 0 1 1 1 1 1 1 1 0 1 0 1 1 1 0 1
 1 1 0 1 1 1 1 1 0 1 0 1 0 1 0 1 1 1 1 1 1 1 0 0 1
 1 0 0 1 1 1 1 1 1 1 1 0 0 1 0 0 0 1 1 0 1 1 1 0 1
 1 1 1 0 0 1 1 1 0 1 0 0 0 1 1 1 0 0 1 0 0 1 1 0 1
 1 1 1 1 0 1 0 1 1 1 1 1 1 0 0 0 1 1 0 0 1 1 1 0 1
 0 1 1 1 1 1 1 1 0 1 0 0 1 0 0 0 1 1 1 1 1 1 0 1 1
 1 1 1 1 0 0 0 0 0 1 1 0 1 0 0 0 1 0 1 1 0 1 0 1 0
 0 1 1 1 1 1 0 1 1 1 1 0 0 1 1 1 0 1 1 1 1 0 1 1 1
 1 0 0 0 0 0 0 0 0 0 1 1 0 1 1 0 1 0 1 1 1 1 1 0 1
 1 1 0 1 1 1 1 1 0 1 1 1 1 0 1 1 1 1 0 0 1 1 1 0 0
 1 1 1 1 0 1 1 1 1 0 1 0 0 0 1 1 1 1 0 0 1 1 0 0 0
 1 0 0 0 1 1 1 1 0 1 1 1 0 1 1 0 1 1 1 1 0 1 0 1 1
 0 1 1 1 1 0 0 0 1 1 1 1 1 1 1 1 0 1 1 1 1 0 0 1 1
 0 1 0 1 1 1 1 1 1 1 0 1 1 1 0 0 1 1 1 0 0 0 0 1 0
 0 1 0 0 0 0 1 1 1 0 0 0 0 0 1 1 1 0 0 0 1 1 1 0 1
 0 1 1 1 0 1 1 1 1 1 1 1 1 1 1 0 1 1 0 0 1 1 0 1 0
