20
  229   73   76   70   59   86   39   59   42   36   95   14   90   50   99    1   66   50   57   18
 0 1 1 1 1 1 1 1 0 0 1 1 1 1 1 1 1 1 1 0
 1 0 1 0 0 1 0 0 0 0 0 0 1 0 1 0 1 1 1 1
 1 1 0 1 1 1 0 0 0 1 1 1 0 0 0 0 1 0 1 0
 1 0 1 0 0 1 1 0 1 1 1 0 1 0 1 1 0 1 1 0
 1 0 1 0 0 0 1 0 0 0 0 0 1 1 1 0 1 0 1 1
 1 1 1 1 0 0 0 1 0 1 1 1 0 1 0 0 1 1 1 1
 1 0 0 1 1 0 0 1 1 0 0 0 0 1 0 0 1 1 0 1
 1 0 0 0 0 1 1 0 1 0 0 0 1 0 0 1 1 0 1 0
 0 0 0 1 0 0 1 1 0 1 1 0 1 1 1 1 0 1 0 1
 0 0 1 1 0 1 0 0 1 0 1 0 1 1 0 0 0 1 1 0
 1 0 1 1 0 1 0 0 1 1 0 1 1 0 1 1 0 1 1 0
 1 0 1 0 0 1 0 0 0 0 1 0 0 0 1 1 0 0 0 0
 1 1 0 1 1 0 0 1 1 1 1 0 0 1 1 0 1 1 0 0
 1 0 0 0 1 1 1 0 1 1 0 0 1 0 0 1 1 0 1 0
 1 1 0 1 1 0 0 0 1 0 1 1 1 0 0 0 0 0 1 1
 1 0 0 1 0 0 0 1 1 0 1 1 0 1 0 0 0 1 0 0
 1 1 1 0 1 1 1 1 0 0 0 0 1 1 0 0 0 0 0 0
 1 1 0 1 0 1 1 0 1 1 1 0 1 0 0 1 0 0 0 0
 1 1 1 1 1 1 0 1 0 1 1 0 0 1 1 0 0 0 0 0
 0 1 0 0 1 1 1 0 1 0 0 0 0 0 1 0 0 0 0 0
