25
   26    6   59    1   50    9   43    4   12    9   51    6   15   15    2   26   28    1   36   20    4    1    5   14   83
 0 0 0 0 1 0 0 0 0 0 0 0 0 0 0 1 1 0 0 1 0 1 1 0 1
 0 0 0 0 1 0 0 0 0 1 0 0 0 0 0 0 0 0 0 1 0 1 0 0 0
 0 0 0 1 1 0 0 0 0 1 1 1 0 1 0 0 0 0 0 0 0 1 0 1 0
 0 0 1 0 0 0 0 0 0 1 0 0 1 0 0 0 0 0 0 1 1 0 0 0 0
 1 1 1 0 0 0 0 0 0 0 0 1 0 0 0 0 0 0 1 0 1 1 0 1 0
 0 0 0 0 0 0 1 1 0 0 0 0 0 0 0 0 1 0 0 0 0 0 0 0 0
 0 0 0 0 0 1 0 0 0 1 1 0 0 1 1 1 1 0 0 1 0 1 0 0 1
 0 0 0 0 0 1 0 0 1 1 0 0 1 0 0 0 0 0 0 0 1 1 0 1 0
 0 0 0 0 0 0 0 1 0 0 0 0 0 1 0 0 0 0 0 0 1 0 0 0 1
 0 1 1 1 0 0 1 1 0 0 0 1 0 0 0 0 0 0 0 1 0 0 0 0 0
 0 0 1 0 0 0 1 0 0 0 0 0 0 1 0 1 0 0 1 0 0 1 1 0 1
 0 0 1 0 1 0 0 0 0 1 0 0 0 0 1 0 0 0 0 0 0 0 0 0 1
 0 0 0 1 0 0 0 1 0 0 0 0 0 0 0 0 0 0 0 1 0 0 0 0 1
 0 0 1 0 0 0 1 0 1 0 1 0 0 0 0 0 1 1 0 1 0 0 0 0 1
 0 0 0 0 0 0 1 0 0 0 0 1 0 0 0 0 0 0 0 1 0 0 0 0 0
 1 0 0 0 0 0 1 0 0 0 1 0 0 0 0 0 1 0 0 0 0 0 0 0 1
 1 0 0 0 0 1 1 0 0 0 0 0 0 1 0 1 0 1 0 1 0 0 0 0 0
 0 0 0 0 0 0 0 0 0 0 0 0 0 1 0 0 1 0 0 0 0 0 1 0 0
 0 0 0 0 1 0 0 0 0 0 1 0 0 0 0 0 0 0 0 0 0 1 1 1 1
 1 1 0 1 0 0 1 0 0 1 0 0 1 1 1 0 1 0 0 0 0 1 0 0 0
 0 0 0 1 1 0 0 1 1 0 0 0 0 0 0 0 0 0 0 0 0 0 0 0 1
 1 1 1 0 1 0 1 1 0 0 1 0 0 0 0 0 0 0 1 1 0 0 0 0 1
 1 0 0 0 0 0 0 0 0 0 1 0 0 0 0 0 0 1 1 0 0 0 0 1 1
 0 0 1 0 1 0 0 1 0 0 0 0 0 0 0 0 0 0 1 0 0 0 1 0 0
 1 0 0 0 0 0 1 0 1 0 1 1 1 1 0 1 0 0 1 0 1 1 1 0 0
