25
  100   34   86   35  103   75   38  109   63  103   80   82   77   93   91   65  108   24   42  110   91   81   93   56   46
 0 1 1 1 1 1 0 1 0 0 1 1 0 1 1 1 0 1 1 1 0 0 1 0 1
 1 0 0 1 0 1 1 0 1 1 1 0 1 1 0 1 0 1 1 0 1 1 1 1 1
 1 0 0 0 0 0 0 0 0 1 1 0 1 0 1 1 1 0 1 0 1 1 1 1 1
 1 1 0 0 1 1 1 1 0 1 0 1 0 1 0 1 0 1 1 0 1 1 1 1 1
 1 0 0 1 0 1 1 0 0 0 0 1 0 0 1 1 1 1 1 0 1 1 1 1 1
 1 1 0 1 1 0 1 0 1 0 1 0 0 0 0 0 1 1 1 1 0 1 1 1 1
 0 1 0 1 1 1 0 0 1 0 0 1 1 1 0 0 1 0 1 0 1 1 1 1 1
 1 0 0 1 0 0 0 0 1 1 0 0 0 1 1 1 1 1 1 0 0 1 0 1 0
 0 1 0 0 0 1 1 1 0 1 0 0 1 0 1 1 0 1 1 1 1 0 1 1 1
 0 1 1 1 0 0 0 1 1 0 1 1 0 1 0 1 1 0 1 0 0 1 1 1 0
 1 1 1 0 0 1 0 0 0 1 0 1 1 1 1 1 1 0 1 1 1 1 1 1 0
 1 0 0 1 1 0 1 0 0 1 1 0 1 1 1 0 1 1 0 0 1 1 1 1 1
 0 1 1 0 0 0 1 0 1 0 1 1 0 0 0 0 0 0 0 1 1 0 1 0 1
 1 1 0 1 0 0 1 1 0 1 1 1 0 0 0 1 1 1 0 1 1 1 0 1 0
 1 0 1 0 1 0 0 1 1 0 1 1 0 0 0 1 0 0 1 0 1 1 1 1 1
 1 1 1 1 1 0 0 1 1 1 1 0 0 1 1 0 1 1 1 0 1 1 1 0 1
 0 0 1 0 1 1 1 1 0 1 1 1 0 1 0 1 0 0 1 1 0 1 1 1 1
 1 1 0 1 1 1 0 1 1 0 0 1 0 1 0 1 0 0 1 1 1 0 1 0 1
 1 1 1 1 1 1 1 1 1 1 1 0 0 0 1 1 1 1 0 1 1 1 1 1 1
 1 0 0 0 0 1 0 0 1 0 1 0 1 1 0 0 1 1 1 0 1 1 0 1 0
 0 1 1 1 1 0 1 0 1 0 1 1 1 1 1 1 0 1 1 1 0 1 1 1 1
 0 1 1 1 1 1 1 1 0 1 1 1 0 1 1 1 1 0 1 1 1 0 1 0 1
 1 1 1 1 1 1 1 0 1 1 1 1 1 0 1 1 1 1 1 0 1 1 0 1 1
 0 1 1 1 1 1 1 1 1 1 1 1 0 1 1 0 1 0 1 1 1 0 1 0 1
 1 1 1 1 1 1 1 0 1 0 0 1 1 0 1 1 1 1 1 0 1 1 1 1 0
