20
   37   48  117   45   68   54  111   87   39   64   69  118  117  113  114   40   60   25   63  104
 0 1 1 1 0 1 1 1 0 1 1 0 0 1 1 0 0 0 0 1
 1 0 0 0 0 0 1 0 1 1 0 1 1 0 0 0 0 0 1 1
 1 0 0 1 0 0 1 1 1 0 0 0 1 0 0 1 0 1 0 1
 1 0 1 0 0 0 0 0 1 0 0 1 0 1 0 0 1 1 0 1
 0 0 0 0 0 0 1 0 0 0 1 0 0 1 0 0 0 0 0 1
 1 0 0 0 0 0 0 0 1 0 0 1 0 0 1 0 1 0 0 1
 1 1 1 0 1 0 0 1 0 0 0 1 1 0 0 0 1 0 0 0
 1 0 1 0 0 0 1 0 0 0 1 0 0 1 1 0 1 0 0 0
 0 1 1 1 0 1 0 0 0 1 1 0 1 0 1 0 1 0 1 1
 1 1 0 0 0 0 0 0 1 0 0 0 0 0 0 0 1 0 0 1
 1 0 0 0 1 0 0 1 1 0 0 0 1 1 0 1 0 1 0 0
 0 1 0 1 0 1 1 0 0 0 0 0 0 1 1 0 0 1 0 1
 0 1 1 0 0 0 1 0 1 0 1 0 0 1 0 1 0 1 0 1
 1 0 0 1 1 0 0 1 0 0 1 1 1 0 1 0 1 1 0 1
 1 0 0 0 0 1 0 1 1 0 0 1 0 1 0 0 0 0 0 1
 0 0 1 0 0 0 0 0 0 0 1 0 1 0 0 0 0 0 1 1
 0 0 0 1 0 1 1 1 1 1 0 0 0 1 0 0 0 0 1 1
 0 0 1 1 0 0 0 0 0 0 1 1 1 1 0 0 0 0 0 1
 0 1 0 0 0 0 0 0 1 0 0 0 0 0 0 1 1 0 0 0
 1 1 1 1 1 1 0 0 1 1 0 1 1 1 1 1 1 1 0 0
