25
   57   72   71   50   24   38   42   91   61  116   91   83   68   23   55  113  104   67   85  110   45  105   86  112  115
 0 1 0 0 1 1 0 0 0 1 0 0 0 0 1 0 0 0 0 1 0 0 1 0 0
 1 0 0 0 0 0 0 0 0 0 0 0 0 1 0 1 1 1 1 0 1 0 0 1 0
 0 0 0 0 1 0 0 1 0 0 0 0 0 1 0 0 0 0 1 0 1 0 1 0 0
 0 0 0 0 0 0 0 0 0 0 1 0 1 0 0 0 1 1 1 1 0 1 1 0 0
 1 0 1 0 0 0 1 1 0 1 1 0 0 1 1 1 0 0 0 0 1 0 0 0 0
 1 0 0 0 0 0 1 0 0 0 0 0 0 0 0 0 0 0 1 0 0 0 1 0 0
 0 0 0 0 1 1 0 1 0 1 0 1 0 1 1 0 0 1 0 0 0 1 1 0 1
 0 0 1 0 1 0 1 0 1 0 1 0 1 1 0 0 0 1 0 1 1 0 0 0 0
 0 0 0 0 0 0 0 1 0 1 0 1 0 0 0 0 0 1 0 1 0 1 0 0 1
 1 0 0 0 1 0 1 0 1 0 0 1 0 1 0 1 0 0 0 0 1 0 0 0 0
 0 0 0 1 1 0 0 1 0 0 0 1 1 0 0 1 0 1 1 0 1 0 1 0 0
 0 0 0 0 0 0 1 0 1 1 1 0 0 1 0 1 0 0 1 1 0 0 0 0 0
 0 0 0 1 0 0 0 1 0 0 1 0 0 0 1 1 0 0 1 1 1 0 0 0 1
 0 1 1 0 1 0 1 1 0 1 0 1 0 0 0 1 0 1 0 1 0 0 0 0 0
 1 0 0 0 1 0 1 0 0 0 0 0 1 0 0 1 0 0 0 1 0 0 0 0 0
 0 1 0 0 1 0 0 0 0 1 1 1 1 1 1 0 0 0 1 0 0 0 0 1 0
 0 1 0 1 0 0 0 0 0 0 0 0 0 0 0 0 0 0 0 1 1 0 0 0 1
 0 1 0 1 0 0 1 1 1 0 1 0 0 1 0 0 0 0 0 0 1 0 1 0 0
 0 1 1 1 0 1 0 0 0 0 1 1 1 0 0 1 0 0 0 0 0 0 0 0 1
 1 0 0 1 0 0 0 1 1 0 0 1 1 1 1 0 1 0 0 0 0 0 0 1 0
 0 1 1 0 1 0 0 1 0 1 1 0 1 0 0 0 1 1 0 0 0 1 1 0 0
 0 0 0 1 0 0 1 0 1 0 0 0 0 0 0 0 0 0 0 0 1 0 0 0 1
 1 0 1 1 0 1 1 0 0 0 1 0 0 0 0 0 0 1 0 0 1 0 0 0 1
 0 1 0 0 0 0 0 0 0 0 0 0 0 0 0 1 0 0 0 1 0 0 0 0 0
 0 0 0 0 0 0 1 0 1 0 0 0 1 0 0 0 1 0 1 0 0 1 1 0 0
