20
   53   39   46   71   65   74   95  120   17  115   10   47   57   34  101   61   51  108  137  102
 0 1 1 0 1 0 1 0 0 1 1 0 0 0 0 1 1 1 1 1
 1 0 1 1 0 1 1 1 0 0 1 1 1 1 0 0 1 1 1 1
 1 1 0 1 1 0 0 0 1 1 0 0 1 0 1 1 1 0 1 1
 0 1 1 0 1 1 1 1 0 1 0 0 0 1 1 0 0 1 1 0
 1 0 1 1 0 1 1 1 1 1 1 0 0 1 1 1 1 1 1 1
 0 1 0 1 1 0 1 0 0 1 0 1 1 1 1 1 0 1 1 1
 1 1 0 1 1 1 0 1 0 0 1 1 1 1 1 1 1 0 1 0
 0 1 0 1 1 0 1 0 1 1 1 1 0 0 1 1 1 0 0 0
 0 0 1 0 1 0 0 1 0 1 1 1 1 1 0 0 1 1 1 1
 1 0 1 1 1 1 0 1 1 0 1 0 0 1 0 0 0 1 1 1
 1 1 0 0 1 0 1 1 1 1 0 0 1 0 1 1 1 0 0 0
 0 1 0 0 0 1 1 1 1 0 0 0 0 0 0 1 1 1 1 1
 0 1 1 0 0 1 1 0 1 0 1 0 0 0 0 0 1 1 1 0
 0 1 0 1 1 1 1 0 1 1 0 0 0 0 1 1 0 0 1 1
 0 0 1 1 1 1 1 1 0 0 1 0 0 1 0 1 0 0 0 1
 1 0 1 0 1 1 1 1 0 0 1 1 0 1 1 0 1 0 0 0
 1 1 1 0 1 0 1 1 1 0 1 1 1 0 0 1 0 1 1 1
 1 1 0 1 1 1 0 0 1 1 0 1 1 0 0 0 1 0 1 1
 1 1 1 1 1 1 1 0 1 1 0 1 1 1 0 0 1 1 0 0
 1 1 1 0 1 1 0 0 1 1 0 1 0 1 1 0 1 1 0 0
