20
   27   52  117   93  100  106   25  111   82   46   86   44  111  101   88   99   46  107   36   74
 0 1 0 1 0 0 0 0 0 1 1 0 0 0 0 0 0 0 0 1
 1 0 0 0 0 0 1 0 0 0 1 1 0 0 0 0 0 0 1 1
 0 0 0 1 1 0 0 0 0 0 0 0 1 1 0 0 0 0 0 0
 1 0 1 0 0 1 0 1 0 1 0 0 0 0 0 0 0 0 0 1
 0 0 1 0 0 0 0 0 0 0 0 1 0 0 0 0 1 1 0 0
 0 0 0 1 0 0 1 0 0 1 0 0 0 1 0 0 0 1 0 0
 0 1 0 0 0 1 0 0 0 1 0 0 0 0 0 0 0 0 0 0
 0 0 0 1 0 0 0 0 0 0 0 0 0 0 0 0 0 1 0 1
 0 0 0 0 0 0 0 0 0 1 1 0 1 0 0 0 1 0 0 1
 1 0 0 1 0 1 1 0 1 0 0 0 0 0 0 0 0 0 0 0
 1 1 0 0 0 0 0 0 1 0 0 0 0 0 0 0 1 0 0 0
 0 1 0 0 1 0 0 0 0 0 0 0 0 0 0 0 0 0 0 0
 0 0 1 0 0 0 0 0 1 0 0 0 0 1 1 0 0 1 1 0
 0 0 1 0 0 1 0 0 0 0 0 0 1 0 0 0 0 0 0 0
 0 0 0 0 0 0 0 0 0 0 0 0 1 0 0 0 0 0 0 0
 0 0 0 0 0 0 0 0 0 0 0 0 0 0 0 0 0 1 0 0
 0 0 0 0 1 0 0 0 1 0 1 0 0 0 0 0 0 0 0 1
 0 0 0 0 1 1 0 1 0 0 0 0 1 0 0 1 0 0 0 0
 0 1 0 0 0 0 0 0 0 0 0 0 1 0 0 0 0 0 0 0
 1 1 0 1 0 0 0 1 1 0 0 0 0 0 0 0 1 0 0 0
