20
   72  108  101   14   69   87  190  121  109  117    9  162    8   52   33   44  186   27  144  172
 0 0 1 1 0 1 1 1 0 0 0 1 0 1 0 1 1 1 0 0
 0 0 1 1 1 1 1 1 1 1 1 1 0 0 0 1 1 0 1 1
 1 1 0 1 0 1 1 1 0 1 1 1 0 0 1 1 1 0 0 1
 1 1 1 0 1 0 1 0 1 1 1 0 1 0 0 1 1 0 1 1
 0 1 0 1 0 1 1 1 1 0 1 1 1 0 0 0 1 1 0 1
 1 1 1 0 1 0 1 0 1 0 1 1 1 1 1 0 0 0 1 1
 1 1 1 1 1 1 0 1 1 1 1 1 0 1 0 0 1 0 1 1
 1 1 1 0 1 0 1 0 1 0 1 1 0 0 1 1 1 0 1 0
 0 1 0 1 1 1 1 1 0 0 1 1 0 1 0 1 1 0 0 1
 0 1 1 1 0 0 1 0 0 0 1 0 1 1 0 0 1 1 1 1
 0 1 1 1 1 1 1 1 1 1 0 0 0 0 0 0 1 1 1 1
 1 1 1 0 1 1 1 1 1 0 0 0 1 1 0 1 0 0 1 1
 0 0 0 1 1 1 0 0 0 1 0 1 0 0 1 0 0 0 1 1
 1 0 0 0 0 1 1 0 1 1 0 1 0 0 0 1 1 1 1 0
 0 0 1 0 0 1 0 1 0 0 0 0 1 0 0 1 1 1 1 1
 1 1 1 1 0 0 0 1 1 0 0 1 0 1 1 0 1 1 1 1
 1 1 1 1 1 0 1 1 1 1 1 0 0 1 1 1 0 0 1 1
 1 0 0 0 1 0 0 0 0 1 1 0 0 1 1 1 0 0 0 0
 0 1 0 1 0 1 1 1 0 1 1 1 1 1 1 1 1 0 0 0
 0 1 1 1 1 1 1 0 1 1 1 1 1 0 1 1 1 0 0 0
