20
   63  107   64   75   78   30   28   55  110   98   54   30   97   99   92   83  104   25   95   49
 0 0 1 0 1 1 1 0 1 0 1 1 1 0 0 1 0 0 0 1
 0 0 1 0 0 0 0 0 1 0 0 0 0 0 0 0 0 1 0 0
 1 1 0 0 1 1 0 1 0 0 0 0 0 1 0 0 0 0 0 0
 0 0 0 0 0 1 0 0 0 0 1 0 1 0 0 0 1 1 0 1
 1 0 1 0 0 1 0 1 0 0 0 0 1 0 1 1 1 1 1 0
 1 0 1 1 1 0 0 0 0 0 1 0 0 0 1 1 1 1 1 1
 1 0 0 0 0 0 0 0 1 1 1 1 1 0 1 0 0 0 0 0
 0 0 1 0 1 0 0 0 0 1 1 0 0 1 0 0 1 1 1 0
 1 1 0 0 0 0 1 0 0 1 1 0 0 1 0 0 0 1 1 0
 0 0 0 0 0 0 1 1 1 0 0 0 1 0 1 1 0 0 0 0
 1 0 0 1 0 1 1 1 1 0 0 0 0 0 0 1 1 0 1 0
 1 0 0 0 0 0 1 0 0 0 0 0 0 1 1 1 0 1 0 0
 1 0 0 1 1 0 1 0 0 1 0 0 0 0 1 1 0 0 1 0
 0 0 1 0 0 0 0 1 1 0 0 1 0 0 1 1 1 1 0 0
 0 0 0 0 1 1 1 0 0 1 0 1 1 1 0 1 0 1 1 1
 1 0 0 0 1 1 0 0 0 1 1 1 1 1 1 0 0 1 0 1
 0 0 0 1 1 1 0 1 0 0 1 0 0 1 0 0 0 0 0 1
 0 1 0 1 1 1 0 1 1 0 0 1 0 1 1 1 0 0 1 0
 0 0 0 0 1 1 0 1 1 0 1 0 1 0 1 0 0 1 0 0
 1 0 0 1 0 1 0 0 0 0 0 0 0 0 1 1 1 0 0 0
