25
   78   87   64   25   95  113   87   72   20   53   24   62   27   50   21   48   67   88   83   25   85   20   45   79  112
 0 1 0 0 1 1 1 0 1 0 0 0 0 0 0 0 0 0 0 0 0 0 1 0 1
 1 0 0 1 0 0 0 0 0 1 1 1 0 1 0 0 0 0 0 0 0 0 0 0 1
 0 0 0 1 1 1 0 0 0 1 0 1 0 0 0 0 0 0 0 0 0 0 0 1 1
 0 1 1 0 0 0 1 0 0 0 0 1 1 0 1 1 0 0 0 1 1 0 1 1 0
 1 0 1 0 0 1 1 1 0 1 0 0 1 0 0 0 0 0 0 1 1 0 1 0 0
 1 0 1 0 1 0 0 1 1 0 0 1 0 0 1 0 0 1 0 0 1 1 0 0 1
 1 0 0 1 1 0 0 0 0 0 1 0 0 0 1 0 0 1 1 0 0 0 0 0 1
 0 0 0 0 1 1 0 0 0 1 1 1 0 0 1 1 0 1 1 0 0 0 0 1 0
 1 0 0 0 0 1 0 0 0 1 0 0 0 1 0 0 0 0 0 1 1 0 0 0 0
 0 1 1 0 1 0 0 1 1 0 0 1 1 0 0 1 0 0 0 1 0 0 1 0 1
 0 1 0 0 0 0 1 1 0 0 0 0 0 0 1 0 0 1 1 0 1 1 1 0 0
 0 1 1 1 0 1 0 1 0 1 0 0 1 0 1 1 0 0 1 0 1 0 0 0 0
 0 0 0 1 1 0 0 0 0 1 0 1 0 0 0 1 1 1 0 1 0 0 0 0 0
 0 1 0 0 0 0 0 0 1 0 0 0 0 0 0 1 1 1 1 0 0 0 0 0 1
 0 0 0 1 0 1 1 1 0 0 1 1 0 0 0 0 0 1 0 0 1 1 0 1 0
 0 0 0 1 0 0 0 1 0 1 0 1 1 1 0 0 1 1 0 0 0 0 0 1 0
 0 0 0 0 0 0 0 0 0 0 0 0 1 1 0 1 0 0 0 0 0 0 1 0 0
 0 0 0 0 0 1 1 1 0 0 1 0 1 1 1 1 0 0 0 0 0 1 0 0 0
 0 0 0 0 0 0 1 1 0 0 1 1 0 1 0 0 0 0 0 0 0 0 0 0 0
 0 0 0 1 1 0 0 0 1 1 0 0 1 0 0 0 0 0 0 0 0 0 0 0 0
 0 0 0 1 1 1 0 0 1 0 1 1 0 0 1 0 0 0 0 0 0 1 1 0 0
 0 0 0 0 0 1 0 0 0 0 1 0 0 0 1 0 0 1 0 0 1 0 0 0 1
 1 0 0 1 1 0 0 0 0 1 1 0 0 0 0 0 1 0 0 0 1 0 0 0 0
 0 0 1 1 0 0 0 1 0 0 0 0 0 0 1 1 0 0 0 0 0 0 0 0 0
 1 1 1 0 0 1 1 0 0 1 0 0 0 1 0 0 0 0 0 0 0 1 0 0 0
