25
   19   18    3   30   31   55   63   92   35   59    7   72    1   46   37   72   20   47    8    9   22   48   25   22   26
 0 0 0 0 0 1 0 0 0 1 1 1 0 0 0 0 0 0 0 0 0 0 0 0 1
 0 0 0 0 0 1 1 0 0 0 0 0 0 0 0 0 1 0 1 1 0 1 0 0 0
 0 0 0 0 0 0 0 0 0 1 0 1 0 1 1 1 0 1 0 0 0 0 0 0 0
 0 0 0 0 0 1 0 0 0 0 0 0 0 0 0 0 1 0 0 1 1 1 0 0 1
 0 0 0 0 0 1 0 1 0 0 0 0 1 0 0 0 1 0 1 0 0 1 0 1 0
 1 1 0 1 1 0 0 0 1 0 0 0 0 0 0 1 0 1 1 0 0 0 0 0 1
 0 1 0 0 0 0 0 1 1 1 0 0 1 0 1 0 0 1 0 1 0 0 1 0 0
 0 0 0 0 1 0 1 0 0 0 0 0 0 1 0 1 1 1 0 0 1 1 0 1 1
 0 0 0 0 0 1 1 0 0 1 0 0 0 0 1 1 0 0 1 1 0 0 0 0 0
 1 0 1 0 0 0 1 0 1 0 0 1 1 1 1 0 0 1 1 0 0 1 0 0 0
 1 0 0 0 0 0 0 0 0 0 0 0 0 1 0 0 0 0 0 0 0 0 0 1 0
 1 0 1 0 0 0 0 0 0 1 0 0 0 1 1 0 0 0 1 0 1 1 0 1 0
 0 0 0 0 1 0 1 0 0 1 0 0 0 1 1 1 0 0 0 0 0 0 0 1 1
 0 0 1 0 0 0 0 1 0 1 1 1 1 0 1 0 0 0 1 0 0 0 0 1 0
 0 0 1 0 0 0 1 0 1 1 0 1 1 1 0 1 0 0 1 1 0 0 0 1 0
 0 0 1 0 0 1 0 1 1 0 0 0 1 0 1 0 0 0 0 1 1 0 1 0 0
 0 1 0 1 1 0 0 1 0 0 0 0 0 0 0 0 0 1 0 1 0 0 0 1 0
 0 0 1 0 0 1 1 1 0 1 0 0 0 0 0 0 1 0 0 1 1 1 0 1 0
 0 1 0 0 1 1 0 0 1 1 0 1 0 1 1 0 0 0 0 1 0 0 1 0 0
 0 1 0 1 0 0 1 0 1 0 0 0 0 0 1 1 1 1 1 0 0 0 0 0 0
 0 0 0 1 0 0 0 1 0 0 0 1 0 0 0 1 0 1 0 0 0 1 1 0 0
 0 1 0 1 1 0 0 1 0 1 0 1 0 0 0 0 0 1 0 0 1 0 0 0 1
 0 0 0 0 0 0 1 0 0 0 0 0 0 0 0 1 0 0 1 0 1 0 0 1 1
 0 0 0 0 1 0 0 1 0 0 1 1 1 1 1 0 1 1 0 0 0 0 1 0 0
 1 0 0 1 0 1 0 1 0 0 0 0 1 0 0 0 0 0 0 0 0 1 1 0 0
