20
   11   35   65   20   29   96  202   37   30   29  195   55  112  124   96  197   12   79   43  151
 0 1 1 1 0 0 1 0 0 1 1 0 1 0 1 1 1 0 1 0
 1 0 1 1 1 0 1 1 0 1 1 0 0 1 1 1 1 1 1 1
 1 1 0 1 1 1 0 0 0 1 1 1 1 1 0 1 0 0 0 0
 1 1 1 0 0 1 0 1 1 0 1 1 0 1 1 0 0 1 0 1
 0 1 1 0 0 1 1 1 0 0 0 1 0 0 0 0 1 0 0 1
 0 0 1 1 1 0 1 0 1 1 1 1 1 1 1 1 0 0 1 0
 1 1 0 0 1 1 0 1 1 1 0 1 1 1 1 1 0 1 1 1
 0 1 0 1 1 0 1 0 0 1 0 0 1 1 0 1 0 0 0 1
 0 0 0 1 0 1 1 0 0 1 1 1 0 0 1 1 1 0 1 1
 1 1 1 0 0 1 1 1 1 0 0 1 1 0 1 1 0 0 0 0
 1 1 1 1 0 1 0 0 1 0 0 1 1 1 1 1 0 1 1 1
 0 0 1 1 1 1 1 0 1 1 1 0 1 1 0 1 1 1 1 0
 1 0 1 0 0 1 1 1 0 1 1 1 0 1 0 1 1 1 1 1
 0 1 1 1 0 1 1 1 0 0 1 1 1 0 1 1 0 0 1 1
 1 1 0 1 0 1 1 0 1 1 1 0 0 1 0 1 0 1 0 1
 1 1 1 0 0 1 1 1 1 1 1 1 1 1 1 0 1 1 0 1
 1 1 0 0 1 0 0 0 1 0 0 1 1 0 0 1 0 0 0 1
 0 1 0 1 0 0 1 0 0 0 1 1 1 0 1 1 0 0 1 1
 1 1 0 0 0 1 1 0 1 0 1 1 1 1 0 0 0 1 0 0
 0 1 0 1 1 0 1 1 1 0 1 0 1 1 1 1 1 1 0 0
