20
  123   19   10   49  152   21   73   46   52  161  102   12  117    3   54   68  109   85   32   84
 0 1 1 1 1 1 1 1 1 1 0 0 0 1 0 1 0 1 0 1
 1 0 0 0 1 1 1 0 0 1 0 1 0 0 1 1 1 0 1 0
 1 0 0 0 1 0 1 1 0 0 1 0 1 0 1 1 1 0 0 0
 1 0 0 0 1 1 1 0 1 0 0 0 1 0 1 1 0 1 1 1
 1 1 1 1 0 1 1 1 1 1 1 0 1 1 0 1 0 1 0 1
 1 1 0 1 1 0 0 1 1 1 1 0 1 1 0 1 1 0 1 1
 1 1 1 1 1 0 0 1 1 1 1 1 0 1 0 1 1 1 1 0
 1 0 1 0 1 1 1 0 1 1 0 1 1 1 0 1 1 0 1 1
 1 0 0 1 1 1 1 1 0 1 1 0 0 0 1 0 0 0 0 1
 1 1 0 0 1 1 1 1 1 0 1 0 0 1 1 0 0 1 1 1
 0 0 1 0 1 1 1 0 1 1 0 1 1 0 1 0 1 1 0 1
 0 1 0 0 0 0 1 1 0 0 1 0 1 0 1 0 1 1 1 1
 0 0 1 1 1 1 0 1 0 0 1 1 0 1 0 1 1 0 1 0
 1 0 0 0 1 1 1 1 0 1 0 0 1 0 1 1 1 1 0 1
 0 1 1 1 0 0 0 0 1 1 1 1 0 1 0 0 0 1 1 0
 1 1 1 1 1 1 1 1 0 0 0 0 1 1 0 0 1 1 0 1
 0 1 1 0 0 1 1 1 0 0 1 1 1 1 0 1 0 1 0 1
 1 0 0 1 1 0 1 0 0 1 1 1 0 1 1 1 1 0 1 0
 0 1 0 1 0 1 1 1 0 1 0 1 1 0 1 0 0 1 0 1
 1 0 0 1 1 1 0 1 1 1 1 1 0 1 0 1 1 0 1 0
