20
   14   33   15   30    8   20   41   10   32    7   27   14   10    1    6    2    4   18   18   28
 0 0 0 1 0 1 0 0 1 1 0 0 0 0 1 0 0 1 0 0
 0 0 0 0 1 1 1 1 1 1 1 0 0 1 1 0 0 0 1 1
 0 0 0 0 0 0 0 0 0 1 1 0 0 0 0 0 0 1 0 1
 1 0 0 0 1 0 1 0 1 1 0 1 1 0 1 0 1 0 1 1
 0 1 0 1 0 0 1 0 0 0 0 0 0 0 0 0 0 0 1 0
 1 1 0 0 0 0 0 0 0 0 1 0 0 1 0 0 0 1 0 0
 0 1 0 1 1 0 0 0 0 1 1 0 0 0 0 0 0 0 1 1
 0 1 0 0 0 0 0 0 0 0 0 0 1 0 0 0 0 1 0 0
 1 1 0 1 0 0 0 0 0 1 0 1 1 1 0 0 0 0 0 0
 1 1 1 1 0 0 1 0 1 0 1 0 1 0 0 1 0 1 0 0
 0 1 1 0 0 1 1 0 0 1 0 0 1 0 0 0 0 1 0 1
 0 0 0 1 0 0 0 0 1 0 0 0 1 0 0 0 1 0 0 0
 0 0 0 1 0 0 0 1 1 1 1 1 0 0 0 0 0 1 0 1
 0 1 0 0 0 1 0 0 1 0 0 0 0 0 0 0 0 0 0 1
 1 1 0 1 0 0 0 0 0 0 0 0 0 0 0 0 0 0 0 0
 0 0 0 0 0 0 0 0 0 1 0 0 0 0 0 0 0 0 0 0
 0 0 0 1 0 0 0 0 0 0 0 1 0 0 0 0 0 1 0 0
 1 0 1 0 0 1 0 1 0 1 1 0 1 0 0 0 1 0 0 0
 0 1 0 1 1 0 1 0 0 0 0 0 0 0 0 0 0 0 0 1
 0 1 1 1 0 0 1 0 0 0 1 0 1 1 0 0 0 0 1 0
