25
  105   28   37   63   47  129   63   23   44   24  241  101   66   20   33   83  186   42  141   58  277   22  116    3   25
 0 1 0 1 0 1 0 1 0 0 0 0 0 1 1 0 1 0 1 0 1 0 1 0 1
 1 0 0 0 0 0 0 1 0 0 0 1 0 0 1 1 1 1 0 1 0 1 0 1 0
 0 0 0 0 0 0 1 0 0 0 1 1 0 1 1 0 0 0 1 0 1 0 0 0 1
 1 0 0 0 0 1 0 0 1 0 1 1 0 1 0 0 1 1 1 1 1 1 0 0 0
 0 0 0 0 0 0 0 1 0 0 1 0 1 1 1 0 1 1 1 0 1 0 0 0 1
 1 0 0 1 0 0 1 1 0 1 1 0 1 1 0 0 1 1 1 1 1 0 1 1 0
 0 0 1 0 0 1 0 0 0 1 1 1 0 1 1 1 0 0 1 0 1 0 1 0 1
 1 1 0 0 1 1 0 0 0 0 0 1 0 0 0 0 1 0 1 0 1 0 1 0 1
 0 0 0 1 0 0 0 0 0 0 0 1 1 1 0 1 1 0 1 1 0 0 0 0 1
 0 0 0 0 0 1 1 0 0 0 0 0 0 0 0 1 1 0 0 1 1 0 0 0 1
 0 0 1 1 1 1 1 0 0 0 0 1 1 1 1 1 1 1 1 1 0 1 1 0 1
 0 1 1 1 0 0 1 1 1 0 1 0 1 0 1 1 1 1 1 0 1 0 0 0 1
 0 0 0 0 1 1 0 0 1 0 1 1 0 1 1 0 1 0 1 0 1 1 1 1 0
 1 0 1 1 1 1 1 0 1 0 1 0 1 0 0 1 0 1 1 1 1 1 0 1 0
 1 1 1 0 1 0 1 0 0 0 1 1 1 0 0 0 0 0 0 0 1 1 0 0 1
 0 1 0 0 0 0 1 0 1 1 1 1 0 1 0 0 0 0 1 1 1 0 1 0 1
 1 1 0 1 1 1 0 1 1 1 1 1 1 0 0 0 0 0 1 0 1 0 1 0 1
 0 1 0 1 1 1 0 0 0 0 1 1 0 1 0 0 0 0 1 0 1 0 1 1 0
 1 0 1 1 1 1 1 1 1 0 1 1 1 1 0 1 1 1 0 0 0 0 0 0 1
 0 1 0 1 0 1 0 0 1 1 1 0 0 1 0 1 0 0 0 0 0 0 1 0 0
 1 0 1 1 1 1 1 1 0 1 0 1 1 1 1 1 1 1 0 0 0 1 0 1 0
 0 1 0 1 0 0 0 0 0 0 1 0 1 1 1 0 0 0 0 0 1 0 0 0 1
 1 0 0 0 0 1 1 1 0 0 1 0 1 0 0 1 1 1 0 1 0 0 0 1 1
 0 1 0 0 0 1 0 0 0 0 0 0 1 1 0 0 0 1 0 0 1 0 1 0 1
 1 0 1 0 1 0 1 1 1 1 1 1 0 0 1 1 1 0 1 0 0 1 1 1 0
