25
   27    7   49   47    3   55    2   37   14    4   34   13   23   30   70   22   78   24   59   47   45   14   33   32    9
 0 1 0 0 0 1 0 0 0 0 0 0 1 0 1 0 1 0 0 0 0 0 0 1 0
 1 0 1 0 0 0 0 0 0 0 0 0 0 0 0 0 0 1 1 0 0 0 0 1 0
 0 1 0 0 1 0 0 1 0 0 1 0 1 0 0 0 1 0 0 0 1 0 0 1 0
 0 0 0 0 0 1 0 1 0 0 1 1 0 1 0 1 0 0 0 0 0 0 0 1 0
 0 0 1 0 0 0 0 1 0 1 0 0 0 1 0 0 0 0 0 1 0 0 1 1 0
 1 0 0 1 0 0 0 1 0 0 0 1 0 1 1 0 1 0 1 1 0 0 0 1 1
 0 0 0 0 0 0 0 1 1 0 0 1 0 0 0 1 0 0 0 0 0 0 1 1 0
 0 0 1 1 1 1 1 0 1 0 0 0 1 1 1 0 0 0 1 0 0 0 1 1 0
 0 0 0 0 0 0 1 1 0 1 0 0 0 0 1 0 0 0 1 1 0 0 0 0 0
 0 0 0 0 1 0 0 0 1 0 0 0 1 0 0 0 1 0 0 1 0 0 1 1 0
 0 0 1 1 0 0 0 0 0 0 0 1 0 1 1 1 0 0 1 1 1 0 0 0 0
 0 0 0 1 0 1 1 0 0 0 1 0 0 1 1 0 0 0 0 1 1 0 0 0 0
 1 0 1 0 0 0 0 1 0 1 0 0 0 0 0 0 1 0 1 0 0 0 0 0 1
 0 0 0 1 1 1 0 1 0 0 1 1 0 0 0 0 0 0 0 0 1 0 1 0 0
 1 0 0 0 0 1 0 1 1 0 1 1 0 0 0 0 1 0 0 0 1 0 0 1 0
 0 0 0 1 0 0 1 0 0 0 1 0 0 0 0 0 0 0 1 0 0 1 1 0 1
 1 0 1 0 0 1 0 0 0 1 0 0 1 0 1 0 0 1 1 0 1 0 1 1 1
 0 1 0 0 0 0 0 0 0 0 0 0 0 0 0 0 1 0 0 1 1 0 0 0 1
 0 1 0 0 0 1 0 1 1 0 1 0 1 0 0 1 1 0 0 0 1 0 0 0 0
 0 0 0 0 1 1 0 0 1 1 1 1 0 0 0 0 0 1 0 0 0 1 1 0 0
 0 0 1 0 0 0 0 0 0 0 1 1 0 1 1 0 1 1 1 0 0 1 0 0 0
 0 0 0 0 0 0 0 0 0 0 0 0 0 0 0 1 0 0 0 1 1 0 0 1 1
 0 0 0 0 1 0 1 1 0 1 0 0 0 1 0 1 1 0 0 1 0 0 0 0 1
 1 1 1 1 1 1 1 1 0 1 0 0 0 0 1 0 1 0 0 0 0 1 0 0 0
 0 0 0 0 0 1 0 0 0 0 0 0 1 0 0 1 1 1 0 0 0 1 1 0 0
