25
   68   79   99   85   61   43   56   63  116   27  105  118   66   40   21   63  114   50   34   51   78   97   43   78  110
 0 0 1 1 1 0 1 1 1 1 0 0 0 1 0 0 1 1 1 1 1 0 1 1 1
 0 0 0 0 0 1 1 1 1 1 1 1 1 0 1 1 1 0 1 1 0 0 0 1 1
 1 0 0 1 0 1 1 1 1 1 0 0 0 1 1 0 0 1 0 1 1 1 1 0 1
 1 0 1 0 1 1 1 1 1 1 0 1 1 1 1 0 1 0 1 0 1 1 1 1 0
 1 0 0 1 0 1 1 1 0 1 1 1 1 1 1 0 1 0 1 1 1 0 1 1 1
 0 1 1 1 1 0 1 1 1 1 1 1 1 0 1 1 0 1 1 1 0 1 1 1 1
 1 1 1 1 1 1 0 0 0 1 0 1 1 0 0 0 1 1 0 1 0 0 1 1 1
 1 1 1 1 1 1 0 0 1 0 1 0 1 0 1 1 1 1 1 0 1 1 1 1 1
 1 1 1 1 0 1 0 1 0 1 1 1 0 0 1 1 1 0 0 0 0 1 0 1 1
 1 1 1 1 1 1 1 0 1 0 1 0 0 0 0 1 0 1 1 1 1 1 0 0 1
 0 1 0 0 1 1 0 1 1 1 0 1 1 0 1 1 0 1 1 1 0 1 1 1 1
 0 1 0 1 1 1 1 0 1 0 1 0 1 0 1 1 1 1 1 0 1 1 1 1 0
 0 1 0 1 1 1 1 1 0 0 1 1 0 1 1 1 0 1 0 0 1 1 1 1 0
 1 0 1 1 1 0 0 0 0 0 0 0 1 0 1 0 1 1 1 0 1 1 1 1 1
 0 1 1 1 1 1 0 1 1 0 1 1 1 1 0 0 0 0 0 0 1 1 1 1 1
 0 1 0 0 0 1 0 1 1 1 1 1 1 0 0 0 1 1 1 0 1 1 1 0 0
 1 1 0 1 1 0 1 1 1 0 0 1 0 1 0 1 0 0 1 1 0 1 1 1 0
 1 0 1 0 0 1 1 1 0 1 1 1 1 1 0 1 0 0 0 0 0 1 0 0 0
 1 1 0 1 1 1 0 1 0 1 1 1 0 1 0 1 1 0 0 1 1 0 1 0 0
 1 1 1 0 1 1 1 0 0 1 1 0 0 0 0 0 1 0 1 0 1 1 1 1 0
 1 0 1 1 1 0 0 1 0 1 0 1 1 1 1 1 0 0 1 1 0 1 0 1 0
 0 0 1 1 0 1 0 1 1 1 1 1 1 1 1 1 1 1 0 1 1 0 1 1 0
 1 0 1 1 1 1 1 1 0 0 1 1 1 1 1 1 1 0 1 1 0 1 0 1 1
 1 1 0 1 1 1 1 1 1 0 1 1 1 1 1 0 1 0 0 1 1 1 1 0 0
 1 1 1 0 1 1 1 1 1 1 1 0 0 1 1 0 0 0 0 0 0 0 1 0 0
