25
   44  131   37   93   39   74  101   21   36   63   13  137   21   20  108   67   37  200   68  142  158   79  103  141   77
 0 0 1 0 0 0 0 0 0 0 0 0 0 1 1 1 1 1 0 1 1 0 1 0 0
 0 0 0 1 0 0 1 1 1 1 0 1 1 1 0 1 0 1 1 0 0 0 0 0 1
 1 0 0 0 1 1 0 0 0 0 1 1 1 1 1 0 1 1 0 0 1 0 0 0 1
 0 1 0 0 0 0 1 0 0 1 1 1 0 1 0 1 0 1 0 0 1 0 1 1 0
 0 0 1 0 0 1 1 1 0 1 1 0 1 1 0 1 0 1 0 1 0 1 0 0 0
 0 0 1 0 1 0 1 1 1 1 0 0 0 1 1 1 0 0 1 1 1 0 1 1 1
 0 1 0 1 1 1 0 0 1 1 0 1 0 0 0 0 1 1 0 0 1 1 1 0 1
 0 1 0 0 1 1 0 0 0 1 0 1 1 1 0 1 0 1 0 0 1 0 0 1 0
 0 1 0 0 0 1 1 0 0 1 1 0 1 1 0 0 0 1 1 0 0 0 0 1 0
 0 1 0 1 1 1 1 1 1 0 0 1 0 0 1 0 1 0 0 0 0 1 1 1 1
 0 0 1 1 1 0 0 0 1 0 0 0 0 1 0 1 1 1 1 0 1 0 1 0 0
 0 1 1 1 0 0 1 1 0 1 0 0 1 1 0 1 0 0 1 1 0 1 0 1 0
 0 1 1 0 1 0 0 1 1 0 0 1 0 0 1 0 0 1 0 0 0 0 0 0 1
 1 1 1 1 1 1 0 1 1 0 1 1 0 0 0 0 0 0 1 0 1 0 0 0 0
 1 0 1 0 0 1 0 0 0 1 0 0 1 0 0 0 0 0 1 0 1 1 1 1 1
 1 1 0 1 1 1 0 1 0 0 1 1 0 0 0 0 0 0 0 1 1 1 1 1 0
 1 0 1 0 0 0 1 0 0 1 1 0 0 0 0 0 0 1 1 1 1 0 1 0 1
 1 1 1 1 1 0 1 1 1 0 1 0 1 0 0 0 1 0 1 1 0 1 1 1 1
 0 1 0 0 0 1 0 0 1 0 1 1 0 1 1 0 1 1 0 1 1 0 1 0 0
 1 0 0 0 1 1 0 0 0 0 0 1 0 0 0 1 1 1 1 0 1 1 1 1 0
 1 0 1 1 0 1 1 1 0 0 1 0 0 1 1 1 1 0 1 1 0 0 1 1 0
 0 0 0 0 1 0 1 0 0 1 0 1 0 0 1 1 0 1 0 1 0 0 0 1 0
 1 0 0 1 0 1 1 0 0 1 1 0 0 0 1 1 1 1 1 1 1 0 0 0 1
 0 0 0 1 0 1 0 1 1 1 0 1 0 0 1 1 0 1 0 1 1 1 0 0 0
 0 1 1 0 0 1 1 0 0 1 0 0 1 0 1 0 1 1 0 0 0 0 1 0 0
