20
    8   77   14    1   39   27   18   35   14    5   18    3   24   10   21   35    8   10   25   44
 0 0 1 0 1 0 0 1 0 0 1 0 0 1 0 1 0 1 0 0
 0 0 0 1 1 0 1 1 1 0 1 0 1 0 1 0 1 0 1 1
 1 0 0 0 0 1 0 0 0 0 0 0 1 0 0 0 0 0 0 1
 0 1 0 0 1 0 0 0 0 0 1 0 0 0 0 0 0 0 0 1
 1 1 0 1 0 0 0 0 0 0 1 0 1 1 0 0 0 1 1 0
 0 0 1 0 0 0 1 0 0 0 1 0 1 1 0 1 0 0 1 0
 0 1 0 0 0 1 0 0 0 1 1 0 0 0 0 0 0 1 0 0
 1 1 0 0 0 0 0 0 1 0 0 0 0 0 0 0 1 1 1 0
 0 1 0 0 0 0 0 1 0 0 0 0 0 0 0 0 1 1 0 0
 0 0 0 0 0 0 1 0 0 0 0 0 0 0 0 1 1 0 1 1
 1 1 0 1 1 1 1 0 0 0 0 1 1 0 1 1 0 0 0 0
 0 0 0 0 0 0 0 0 0 0 1 0 0 0 0 1 0 0 0 0
 0 1 1 0 1 1 0 0 0 0 1 0 0 0 0 0 0 0 0 1
 1 0 0 0 1 1 0 0 0 0 0 0 0 0 1 0 0 0 0 0
 0 1 0 0 0 0 0 0 0 0 1 0 0 1 0 1 0 0 0 1
 1 0 0 0 0 1 0 0 0 1 1 1 0 0 1 0 0 1 1 0
 0 1 0 0 0 0 0 1 1 1 0 0 0 0 0 0 0 0 0 1
 1 0 0 0 1 0 1 1 1 0 0 0 0 0 0 1 0 0 0 0
 0 1 0 0 1 1 0 1 0 1 0 0 0 0 0 1 0 0 0 0
 0 1 1 1 0 0 0 0 0 1 0 0 1 0 1 0 1 0 0 0
