20
    1    9    1    5   15   17   10   13   14   17   15   31    6    7   10    5   10    1    2   21
 0 0 0 0 1 0 0 0 1 0 0 0 0 0 0 0 0 0 0 1
 0 0 0 0 0 1 0 1 0 1 0 0 0 0 0 0 0 0 0 0
 0 0 0 0 0 0 0 0 0 0 0 0 0 0 0 0 0 0 0 0
 0 0 0 0 0 0 0 0 0 0 1 1 0 0 0 0 1 0 1 0
 1 0 0 0 0 0 0 1 0 0 0 1 0 0 1 0 0 0 0 1
 0 1 0 0 0 0 0 0 1 0 0 1 0 0 0 0 0 1 0 0
 0 0 0 0 0 0 0 0 0 0 1 0 1 0 0 1 0 0 0 1
 0 1 0 0 1 0 0 0 1 0 0 0 1 0 1 0 0 0 0 0
 1 0 0 0 0 1 0 1 0 0 0 0 0 1 0 0 0 0 0 0
 0 1 0 0 0 0 0 0 0 0 1 0 0 0 0 1 0 0 0 1
 0 0 0 1 0 0 1 0 0 1 0 1 0 0 0 0 0 0 0 0
 0 0 0 1 1 1 0 0 0 0 1 0 1 1 0 1 0 0 1 0
 0 0 0 0 0 0 1 1 0 0 0 1 0 0 0 0 1 0 1 0
 0 0 0 0 0 0 0 0 1 0 0 1 0 0 0 0 0 0 0 1
 0 0 0 0 1 0 0 1 0 0 0 0 0 0 0 0 0 0 0 1
 0 0 0 0 0 0 1 0 0 1 0 1 0 0 0 0 1 0 1 0
 0 0 0 1 0 0 0 0 0 0 0 0 1 0 0 1 0 1 0 0
 0 0 0 0 0 1 0 0 0 0 0 0 0 0 0 0 1 0 0 0
 0 0 0 1 0 0 0 0 0 0 0 1 1 0 0 1 0 0 0 0
 1 0 0 0 1 0 1 0 0 1 0 0 0 1 1 0 0 0 0 0
