25
   98   41   39   86   36   31   83  108   68   34   82   71   82   91   52  104   36   61   87  109  120   98   74   57   40
 0 1 0 1 1 1 1 1 1 1 1 0 1 0 1 1 1 1 1 1 0 1 1 0 0
 1 0 1 0 1 1 1 1 1 0 0 1 0 1 1 1 0 1 1 1 0 1 0 0 0
 0 1 0 1 1 1 1 0 0 1 1 1 1 1 1 0 1 0 1 1 1 1 1 1 1
 1 0 1 0 1 1 0 0 1 1 1 1 1 0 1 0 1 1 0 1 0 1 0 0 0
 1 1 1 1 0 1 0 0 0 0 1 1 0 0 1 1 1 1 1 1 1 1 1 1 0
 1 1 1 1 1 0 1 0 1 1 0 1 1 1 1 1 0 1 1 1 1 1 0 1 1
 1 1 1 0 0 1 0 1 1 1 1 0 1 0 1 1 0 1 1 0 0 0 1 1 1
 1 1 0 0 0 0 1 0 0 0 1 1 0 1 1 1 1 0 1 0 0 1 1 0 1
 1 1 0 1 0 1 1 0 0 1 1 1 1 0 1 1 0 1 1 0 0 0 1 0 0
 1 0 1 1 0 1 1 0 1 0 1 1 1 1 1 1 0 1 0 1 1 0 1 1 1
 1 0 1 1 1 0 1 1 1 1 0 0 1 1 0 1 0 1 0 0 1 1 0 0 0
 0 1 1 1 1 1 0 1 1 1 0 0 1 1 1 1 1 0 0 1 1 1 1 1 1
 1 0 1 1 0 1 1 0 1 1 1 1 0 0 0 1 0 1 1 1 0 1 1 0 0
 0 1 1 0 0 1 0 1 0 1 1 1 0 0 1 1 0 1 1 1 1 1 1 1 0
 1 1 1 1 1 1 1 1 1 1 0 1 0 1 0 1 0 1 1 0 1 1 1 1 1
 1 1 0 0 1 1 1 1 1 1 1 1 1 1 1 0 1 1 1 1 0 1 0 1 1
 1 0 1 1 1 0 0 1 0 0 0 1 0 0 0 1 0 1 0 0 1 0 1 1 1
 1 1 0 1 1 1 1 0 1 1 1 0 1 1 1 1 1 0 1 1 1 0 0 1 1
 1 1 1 0 1 1 1 1 1 0 0 0 1 1 1 1 0 1 0 1 1 0 1 0 0
 1 1 1 1 1 1 0 0 0 1 0 1 1 1 0 1 0 1 1 0 0 1 1 0 1
 0 0 1 0 1 1 0 0 0 1 1 1 0 1 1 0 1 1 1 0 0 0 1 0 1
 1 1 1 1 1 1 0 1 0 0 1 1 1 1 1 1 0 0 0 1 0 0 1 0 0
 1 0 1 0 1 0 1 1 1 1 0 1 1 1 1 0 1 0 1 1 1 1 0 0 1
 0 0 1 0 1 1 1 0 0 1 0 1 0 1 1 1 1 1 0 0 0 0 0 0 0
 0 0 1 0 0 1 1 1 0 1 0 1 0 0 1 1 1 1 0 1 1 0 1 0 0
