20
   35    4    4   21   10    4    2   11    3   11   35    3    4    4    1    1    6   13   15    3
 0 0 1 0 1 0 1 0 1 0 1 0 0 0 0 0 0 1 0 0
 0 0 0 0 0 0 0 1 0 0 1 1 0 0 0 0 0 0 0 0
 1 0 0 0 0 0 0 0 1 1 0 0 1 1 0 0 0 0 0 0
 0 0 0 0 0 1 0 1 0 1 0 0 1 0 0 0 1 0 0 0
 1 0 0 0 0 0 0 0 0 0 0 0 0 1 0 0 0 1 0 0
 0 0 0 1 0 0 0 0 0 0 1 1 0 0 0 0 0 0 0 0
 1 0 0 0 0 0 0 0 0 0 0 0 0 0 0 0 0 0 0 0
 0 1 0 1 0 0 0 0 0 1 1 0 0 0 0 0 0 0 1 0
 1 0 1 0 0 0 0 0 0 0 0 0 0 0 0 1 0 0 0 0
 0 0 1 1 0 0 0 1 0 0 1 0 0 0 0 1 0 1 1 0
 1 1 0 0 0 1 0 1 0 1 0 0 0 1 0 1 1 0 1 0
 0 1 0 0 0 1 0 0 0 0 0 0 0 0 0 0 0 0 0 0
 0 0 1 1 0 0 0 0 0 0 0 0 0 0 0 0 0 0 0 0
 0 0 1 0 1 0 0 0 0 0 1 0 0 0 0 1 0 0 0 1
 0 0 0 0 0 0 0 0 0 0 0 0 0 0 0 1 0 1 0 1
 0 0 0 0 0 0 0 0 1 1 1 0 0 1 1 0 0 0 0 0
 0 0 0 1 0 0 0 0 0 0 1 0 0 0 0 0 0 0 1 0
 1 0 0 0 1 0 0 0 0 1 0 0 0 0 1 0 0 0 0 0
 0 0 0 0 0 0 0 1 0 1 1 0 0 0 0 0 1 0 0 0
 0 0 0 0 0 0 0 0 0 0 0 0 0 1 1 0 0 0 0 0
