20
   68   27   28   31   20  111   98   62  101   33   45   67   89   24   42   94   58   71  114   67
 0 0 1 1 0 1 0 0 1 1 1 1 1 1 0 1 1 1 0 1
 0 0 0 1 1 0 1 1 0 0 1 0 0 1 0 0 0 1 0 0
 1 0 0 0 1 1 0 1 1 1 0 1 0 1 1 0 1 0 0 0
 1 1 0 0 0 0 1 0 1 1 0 1 1 0 0 0 0 1 1 0
 0 1 1 0 0 1 0 1 0 1 0 0 1 0 0 0 0 1 0 1
 1 0 1 0 1 0 0 0 0 1 0 1 1 1 0 0 1 0 1 0
 0 1 0 1 0 0 0 1 0 1 1 1 1 0 1 0 0 0 1 1
 0 1 1 0 1 0 1 0 1 1 1 0 0 1 0 0 0 0 1 1
 1 0 1 1 0 0 0 1 0 1 0 1 1 1 0 1 0 1 0 1
 1 0 1 1 1 1 1 1 1 0 0 0 1 0 0 0 0 1 0 1
 1 1 0 0 0 0 1 1 0 0 0 0 0 0 1 0 1 1 0 1
 1 0 1 1 0 1 1 0 1 0 0 0 1 0 1 0 1 1 0 1
 1 0 0 1 1 1 1 0 1 1 0 1 0 0 0 0 1 1 1 1
 1 1 1 0 0 1 0 1 1 0 0 0 0 0 0 1 1 0 0 1
 0 0 1 0 0 0 1 0 0 0 1 1 0 0 0 1 1 1 1 1
 1 0 0 0 0 0 0 0 1 0 0 0 0 1 1 0 1 0 0 1
 1 0 1 0 0 1 0 0 0 0 1 1 1 1 1 1 0 1 1 1
 1 1 0 1 1 0 0 0 1 1 1 1 1 0 1 0 1 0 1 1
 0 0 0 1 0 1 1 1 0 0 0 0 1 0 1 0 1 1 0 0
 1 0 0 0 1 0 1 1 1 1 1 1 1 1 1 1 1 1 0 0
