25
   56  101   87   25   70   43   78   81   22   38   61   44  112  115   42   83  101   24   32   42   35   40  105   29   45
 0 0 0 0 0 0 1 0 0 1 0 0 1 0 0 1 0 0 1 0 1 0 0 0 1
 0 0 0 1 0 0 1 0 1 1 0 0 1 1 0 1 0 0 0 1 0 1 1 0 1
 0 0 0 1 0 0 0 1 0 0 0 1 0 0 0 1 1 0 0 0 0 0 1 1 0
 0 1 1 0 0 1 1 0 1 0 0 1 1 1 1 1 0 0 0 0 1 0 1 0 1
 0 0 0 0 0 0 0 0 0 0 0 0 0 0 1 0 0 1 0 0 0 1 0 0 0
 0 0 0 1 0 0 1 0 1 0 0 0 0 0 0 1 0 0 0 0 0 1 0 1 0
 1 1 0 1 0 1 0 0 0 1 1 0 0 0 0 0 0 0 1 1 1 0 0 1 1
 0 0 1 0 0 0 0 0 0 0 0 0 0 0 1 0 0 0 0 0 0 0 0 1 1
 0 1 0 1 0 1 0 0 0 1 1 0 1 0 1 1 0 0 1 0 0 0 0 1 0
 1 1 0 0 0 0 1 0 1 0 0 0 1 0 0 0 1 1 1 1 0 1 0 0 0
 0 0 0 0 0 0 1 0 1 0 0 1 1 1 0 0 1 1 1 0 0 0 0 1 0
 0 0 1 1 0 0 0 0 0 0 1 0 0 0 0 0 0 0 0 1 0 0 1 0 1
 1 1 0 1 0 0 0 0 1 1 1 0 0 0 1 0 0 0 1 1 0 0 1 1 0
 0 1 0 1 0 0 0 0 0 0 1 0 0 0 0 0 1 0 0 0 1 0 0 0 1
 0 0 0 1 1 0 0 1 1 0 0 0 1 0 0 1 0 0 1 0 0 0 0 0 0
 1 1 1 1 0 1 0 0 1 0 0 0 0 0 1 0 0 1 0 0 0 1 0 1 1
 0 0 1 0 0 0 0 0 0 1 1 0 0 1 0 0 0 1 0 1 0 1 0 0 1
 0 0 0 0 1 0 0 0 0 1 1 0 0 0 0 1 1 0 0 0 0 0 1 0 1
 1 0 0 0 0 0 1 0 1 1 1 0 1 0 1 0 0 0 0 0 0 0 0 0 0
 0 1 0 0 0 0 1 0 0 1 0 1 1 0 0 0 1 0 0 0 0 0 0 0 0
 1 0 0 1 0 0 1 0 0 0 0 0 0 1 0 0 0 0 0 0 0 0 0 0 1
 0 1 0 0 1 1 0 0 0 1 0 0 0 0 0 1 1 0 0 0 0 0 0 1 1
 0 1 1 1 0 0 0 0 0 0 0 1 1 0 0 0 0 1 0 0 0 0 0 0 0
 0 0 1 0 0 1 1 1 1 0 1 0 1 0 0 1 0 0 0 0 0 1 0 0 0
 1 1 0 1 0 0 1 1 0 0 0 1 0 1 0 1 1 1 0 0 1 1 0 0 0
