25
   92   25  216  231  393  235   95  160  273  119  106   50  202  175   89  128  160   63  323   94  113  111  144  227   81
 0 0 0 1 1 1 0 1 0 1 1 1 1 0 1 1 0 1 0 1 0 1 1 1 1
 0 0 0 1 1 1 0 1 1 1 1 1 0 1 0 0 1 1 0 0 1 1 1 1 0
 0 0 0 0 1 1 1 0 1 0 1 0 0 1 0 1 1 0 1 1 1 1 1 1 1
 1 1 0 0 1 1 1 1 1 1 1 0 1 1 1 0 0 1 1 0 1 0 0 1 1
 1 1 1 1 0 1 1 1 1 0 1 1 1 1 1 1 0 0 1 1 0 1 1 1 1
 1 1 1 1 1 0 0 0 1 1 0 1 1 0 0 0 1 1 1 1 0 1 1 1 0
 0 0 1 1 1 0 0 0 1 0 1 1 1 1 1 1 1 1 1 1 1 1 1 0 0
 1 1 0 1 1 0 0 0 1 1 1 1 0 1 1 1 1 1 1 0 1 0 0 0 1
 0 1 1 1 1 1 1 1 0 1 1 1 1 1 1 0 1 0 1 1 0 1 1 1 0
 1 1 0 1 0 1 0 1 1 0 1 1 1 1 0 1 1 1 1 1 0 1 1 1 0
 1 1 1 1 1 0 1 1 1 1 0 1 1 1 1 1 0 1 1 1 1 0 1 1 0
 1 1 0 0 1 1 1 1 1 1 1 0 0 1 1 1 0 1 0 0 0 1 0 1 0
 1 0 0 1 1 1 1 0 1 1 1 0 0 0 1 1 0 1 1 1 0 1 0 1 0
 0 1 1 1 1 0 1 1 1 1 1 1 0 0 0 1 1 0 0 1 1 0 1 1 0
 1 0 0 1 1 0 1 1 1 0 1 1 1 0 0 1 1 1 0 1 0 1 1 0 1
 1 0 1 0 1 0 1 1 0 1 1 1 1 1 1 0 0 0 1 1 0 1 0 1 0
 0 1 1 0 0 1 1 1 1 1 0 0 0 1 1 0 0 0 1 1 1 1 0 0 0
 1 1 0 1 0 1 1 1 0 1 1 1 1 0 1 0 0 0 1 0 1 0 1 1 0
 0 0 1 1 1 1 1 1 1 1 1 0 1 0 0 1 1 1 0 1 1 1 0 1 1
 1 0 1 0 1 1 1 0 1 1 1 0 1 1 1 1 1 0 1 0 0 1 0 1 0
 0 1 1 1 0 0 1 1 0 0 1 0 0 1 0 0 1 1 1 0 0 0 0 1 0
 1 1 1 0 1 1 1 0 1 1 0 1 1 0 1 1 1 0 1 1 0 0 1 1 0
 1 1 1 0 1 1 1 0 1 1 1 0 0 1 1 0 0 1 0 0 0 1 0 1 1
 1 1 1 1 1 1 0 0 1 1 1 1 1 1 0 1 0 1 1 1 1 1 1 0 1
 1 0 1 1 1 0 0 1 0 0 0 0 0 0 1 0 0 0 1 0 0 0 1 1 0
