20
    6    1    3   17   14    4    4   11    2   69    5    7    4    8    7    1   10    9   12    4
 0 0 1 0 0 1 0 0 0 0 0 0 1 0 0 0 0 0 0 0
 0 0 0 1 0 0 0 0 0 0 0 0 0 0 0 0 0 0 0 0
 1 0 0 0 0 0 0 0 0 0 0 1 0 0 1 0 0 0 0 1
 0 1 0 0 0 1 0 0 0 1 0 0 0 1 0 0 0 1 1 0
 0 0 0 0 0 0 0 1 0 1 0 1 1 0 1 0 0 0 0 0
 1 0 0 1 0 0 0 0 0 0 0 0 1 0 0 0 0 0 0 0
 0 0 0 0 0 0 0 0 0 0 0 0 1 0 0 0 0 1 0 1
 0 0 0 0 1 0 0 0 0 0 1 1 0 0 1 0 0 0 0 0
 0 0 0 0 0 0 0 0 0 1 1 0 0 0 0 0 0 0 0 0
 0 0 0 1 1 0 0 0 1 0 0 0 1 1 0 0 1 1 1 1
 0 0 0 0 0 0 0 1 1 0 0 0 0 0 1 0 0 0 0 0
 0 0 1 0 1 0 0 1 0 0 0 0 0 0 0 0 0 0 1 0
 1 0 0 0 1 1 1 0 0 1 0 0 0 0 1 0 0 0 1 0
 0 0 0 1 0 0 0 0 0 1 0 0 0 0 0 0 1 0 0 1
 0 0 1 0 1 0 0 1 0 0 1 0 1 0 0 0 0 0 0 0
 0 0 0 0 0 0 0 0 0 0 0 0 0 0 0 0 0 0 0 0
 0 0 0 0 0 0 0 0 0 1 0 0 0 1 0 0 0 0 0 1
 0 0 0 1 0 0 1 0 0 1 0 0 0 0 0 0 0 0 0 1
 0 0 0 1 0 0 0 0 0 1 0 1 1 0 0 0 0 0 0 0
 0 0 1 0 0 0 1 0 0 1 0 0 0 1 0 0 1 1 0 0
