20
   18   93   97   40   13   46   11   21   29   18   12   32   27   24   87    6   77   38    5   76
 0 0 1 0 0 1 0 0 0 0 0 0 0 0 0 0 1 1 1 1
 0 0 0 1 0 0 0 1 1 1 1 1 1 1 1 0 1 1 0 0
 1 0 0 1 0 0 1 1 0 0 1 0 1 0 0 1 1 1 1 0
 0 1 1 0 1 1 0 0 1 0 0 0 1 0 1 1 0 0 0 1
 0 0 0 1 0 0 1 0 0 0 0 0 0 0 1 0 1 0 0 0
 1 0 0 1 0 0 0 0 0 1 1 0 0 0 1 1 1 0 0 1
 0 0 1 0 1 0 0 1 0 0 0 0 0 0 0 1 1 0 1 1
 0 1 1 0 0 0 1 0 0 0 0 0 0 1 1 0 1 0 1 1
 0 1 0 1 0 0 0 0 0 0 1 1 1 0 1 0 1 0 0 0
 0 1 0 0 0 1 0 0 0 0 0 1 1 1 0 1 0 0 0 0
 0 1 1 0 0 1 0 0 1 0 0 1 0 0 0 0 1 0 0 1
 0 1 0 0 0 0 0 0 1 1 1 0 0 0 0 0 1 1 0 0
 0 1 1 1 0 0 0 0 1 1 0 0 0 0 0 0 0 0 0 1
 0 1 0 0 0 0 0 1 0 1 0 0 0 0 1 1 0 1 1 0
 0 1 0 1 1 1 0 1 1 0 0 0 0 1 0 0 1 0 1 1
 0 0 1 1 0 1 1 0 0 1 0 0 0 1 0 0 0 1 1 1
 1 1 1 0 1 1 1 1 1 0 1 1 0 0 1 0 0 0 1 1
 1 1 1 0 0 0 0 0 0 0 0 1 0 1 0 1 0 0 0 1
 1 0 1 0 0 0 1 1 0 0 0 0 0 1 1 1 1 0 0 0
 1 0 0 1 0 1 1 1 0 0 1 0 1 0 1 1 1 1 0 0
