20
   42   45    5    6    3   13   47   32   24   21   17    1   58   49   41   51    3    6    7   12
 0 0 0 0 1 0 0 0 0 1 1 1 0 1 1 0 1 0 0 0
 0 0 0 1 1 0 0 0 1 1 1 0 0 0 0 1 0 0 1 0
 0 0 0 0 0 0 0 0 1 0 0 0 0 0 0 0 0 0 1 0
 0 1 0 0 0 0 1 0 0 0 0 0 0 0 0 1 0 0 0 1
 1 1 0 0 0 1 0 1 1 0 0 1 1 1 0 0 0 0 0 0
 0 0 0 0 1 0 0 1 0 0 0 0 1 0 0 1 0 0 0 0
 0 0 0 1 0 0 0 0 1 0 1 1 1 0 0 1 0 1 1 0
 0 0 0 0 1 1 0 0 0 0 0 0 0 0 1 1 1 1 0 0
 0 1 1 0 1 0 1 0 0 0 1 0 1 0 0 0 0 1 0 0
 1 1 0 0 0 0 0 0 0 0 0 0 1 0 1 1 0 0 0 1
 1 1 0 0 0 0 1 0 1 0 0 0 0 0 0 0 0 0 0 0
 1 0 0 0 1 0 1 0 0 0 0 0 0 1 0 0 0 0 0 0
 0 0 0 0 1 1 1 0 1 1 0 0 0 1 0 0 0 1 0 1
 1 0 0 0 1 0 0 0 0 0 0 1 1 0 1 1 0 1 0 0
 1 0 0 0 0 0 0 1 0 1 0 0 0 1 0 0 0 1 1 1
 0 1 0 1 0 1 1 1 0 1 0 0 0 1 0 0 0 0 1 0
 1 0 0 0 0 0 0 1 0 0 0 0 0 0 0 0 0 1 1 0
 0 0 0 0 0 0 1 1 1 0 0 0 1 1 1 0 1 0 1 0
 0 1 1 0 0 0 1 0 0 0 0 0 0 0 1 1 1 1 0 0
 0 0 0 1 0 0 0 0 0 1 0 0 1 0 1 0 0 0 0 0
