25
   47   64   18   32   66   14   14    5   58    8   64   97  117    3    4   31   18  112   60   10   25    8   62   39   17
 0 0 1 1 0 0 0 0 0 0 0 0 1 1 0 1 1 0 0 0 0 0 1 1 0
 0 0 0 0 1 0 1 0 1 0 1 0 0 0 1 0 1 1 1 0 0 0 0 0 0
 1 0 0 0 0 0 0 0 0 0 1 1 1 0 1 0 1 1 1 1 0 0 1 0 1
 1 0 0 0 0 0 0 0 1 1 0 0 0 0 0 1 1 1 0 0 1 1 0 0 0
 0 1 0 0 0 1 0 0 0 1 0 1 1 1 0 0 0 0 0 1 0 1 1 0 0
 0 0 0 0 1 0 0 0 0 0 0 0 0 0 1 0 0 1 0 1 1 0 0 0 0
 0 1 0 0 0 0 0 0 0 0 0 0 1 0 0 1 0 1 1 1 1 0 1 0 0
 0 0 0 0 0 0 0 0 0 0 0 0 0 0 0 0 0 0 1 1 0 1 0 0 0
 0 1 0 1 0 0 0 0 0 1 1 0 0 0 0 1 1 0 1 1 0 0 0 0 0
 0 0 0 1 1 0 0 0 1 0 0 0 0 0 1 0 1 0 0 1 0 0 0 0 1
 0 1 1 0 0 0 0 0 1 0 0 1 1 0 1 0 0 1 0 1 0 0 0 1 0
 0 0 1 0 1 0 0 0 0 0 1 0 1 0 1 1 1 0 0 0 1 0 1 0 1
 1 0 1 0 1 0 1 0 0 0 1 1 0 0 1 0 0 1 0 0 1 1 1 1 0
 1 0 0 0 1 0 0 0 0 0 0 0 0 0 0 1 0 0 0 0 0 0 0 0 1
 0 1 1 0 0 1 0 0 0 1 1 1 1 0 0 0 0 0 0 0 0 1 0 0 0
 1 0 0 1 0 0 1 0 1 0 0 1 0 1 0 0 0 0 0 0 0 0 0 0 0
 1 1 1 1 0 0 0 0 1 1 0 1 0 0 0 0 0 0 0 0 0 0 0 0 0
 0 1 1 1 0 1 1 0 0 0 1 0 1 0 0 0 0 0 0 0 0 1 1 1 1
 0 1 1 0 0 0 1 1 1 0 0 0 0 0 0 0 0 0 0 1 0 1 0 1 1
 0 0 1 0 1 1 1 1 1 1 1 0 0 0 0 0 0 0 1 0 0 1 0 1 0
 0 0 0 1 0 1 1 0 0 0 0 1 1 0 0 0 0 0 0 0 0 0 1 0 0
 0 0 0 1 1 0 0 1 0 0 0 0 1 0 1 0 0 1 1 1 0 0 0 0 1
 1 0 1 0 1 0 1 0 0 0 0 1 1 0 0 0 0 1 0 0 1 0 0 0 0
 1 0 0 0 0 0 0 0 0 0 1 0 1 0 0 0 0 1 1 1 0 0 0 0 1
 0 0 1 0 0 0 0 0 0 1 0 1 0 1 0 0 0 1 1 0 0 1 0 1 0
