20
   31   44   27   69  101   93   59   24   87  118   44   65   86   98   72  110  112   54  114   44
 0 0 1 0 1 1 1 1 0 0 1 1 0 0 1 0 0 1 0 0
 0 0 0 0 0 0 0 1 1 0 0 1 0 0 0 0 0 0 1 1
 1 0 0 0 0 1 1 0 1 0 1 0 1 0 0 0 0 1 0 0
 0 0 0 0 0 0 1 0 1 1 1 1 0 0 0 0 1 0 0 1
 1 0 0 0 0 0 0 1 0 0 1 0 0 1 0 1 0 0 0 0
 1 0 1 0 0 0 1 1 0 0 0 1 0 0 0 0 0 0 1 1
 1 0 1 1 0 1 0 0 0 1 0 0 1 1 0 0 0 1 0 0
 1 1 0 0 1 1 0 0 1 1 0 1 0 1 0 1 0 1 1 1
 0 1 1 1 0 0 0 1 0 0 0 0 1 0 0 0 0 1 0 0
 0 0 0 1 0 0 1 1 0 0 0 1 1 1 1 1 1 0 0 0
 1 0 1 1 1 0 0 0 0 0 0 1 1 1 0 1 0 0 0 0
 1 1 0 1 0 1 0 1 0 1 1 0 0 1 0 1 0 1 1 1
 0 0 1 0 0 0 1 0 1 1 1 0 0 1 0 1 0 0 0 1
 0 0 0 0 1 0 1 1 0 1 1 1 1 0 1 1 1 0 1 0
 1 0 0 0 0 0 0 0 0 1 0 0 0 1 0 1 0 1 0 1
 0 0 0 0 1 0 0 1 0 1 1 1 1 1 1 0 0 0 1 1
 0 0 0 1 0 0 0 0 0 1 0 0 0 1 0 0 0 0 1 1
 1 0 1 0 0 0 1 1 1 0 0 1 0 0 1 0 0 0 0 1
 0 1 0 0 0 1 0 1 0 0 0 1 0 1 0 1 1 0 0 0
 0 1 0 1 0 1 0 1 0 0 0 1 1 0 1 1 1 1 0 0
