20
    2    2   21   30    2    7    2    8    6   10   30   33   24   10    6    6    1    5   24   30
 0 0 0 0 0 0 0 1 0 0 0 0 0 0 0 0 0 0 0 0
 0 0 0 1 0 0 0 0 0 0 0 0 0 0 0 0 0 0 0 0
 0 0 0 1 0 0 0 0 0 1 1 1 0 0 0 1 0 0 0 1
 0 1 1 0 0 1 0 0 0 0 0 0 0 0 1 0 0 0 1 1
 0 0 0 0 0 0 1 0 0 0 0 0 0 0 1 0 0 0 0 0
 0 0 0 1 0 0 0 0 0 0 0 1 0 0 0 0 0 0 0 1
 0 0 0 0 1 0 0 0 0 0 1 0 1 0 0 1 0 0 0 0
 1 0 0 0 0 0 0 0 1 0 0 0 0 0 0 0 0 0 1 0
 0 0 0 0 0 0 0 1 0 1 1 1 0 0 0 0 1 0 0 0
 0 0 1 0 0 0 0 0 1 0 0 0 1 0 0 0 0 0 0 0
 0 0 1 0 0 0 1 0 1 0 0 0 1 1 0 0 0 0 0 1
 0 0 1 0 0 1 0 0 1 0 0 0 0 1 1 0 1 0 0 0
 0 0 0 0 0 0 1 0 0 1 1 0 0 0 0 0 0 1 1 0
 0 0 0 0 0 0 0 0 0 0 1 1 0 0 0 1 0 0 0 0
 0 0 0 1 1 0 0 0 0 0 0 1 0 0 0 0 0 1 1 0
 0 0 1 0 0 0 1 0 0 0 0 0 0 1 0 0 0 0 0 0
 0 0 0 0 0 0 0 0 1 0 0 1 0 0 0 0 0 0 1 0
 0 0 0 0 0 0 0 0 0 0 0 0 1 0 1 0 0 0 0 1
 0 0 0 1 0 0 0 1 0 0 0 0 1 0 1 0 1 0 0 1
 0 0 1 1 0 1 0 0 0 0 1 0 0 0 0 0 0 1 1 0
