50
  370  326  299   84  179  301  124  120  270   67  193    4  104   49   35  116   47  115  498  186  245   30    3  135   12  358  201   57   31   79   26  359  339  168   67  192  600  170   84  315  255  202  172  354  144   43   14  191   49  570
 0 0 0 0 1 1 0 1 1 1 0 1 1 1 0 0 1 0 1 0 0 0 0 1 0 0 1 1 1 1 1 1 1 0 0 0 0 0 1 0 1 1 0 0 0 0 0 1 0 1
 0 0 1 1 1 1 1 0 1 1 0 1 0 0 0 0 1 0 0 0 0 0 1 0 1 1 1 1 0 0 0 1 1 0 0 0 1 0 0 1 0 0 0 1 0 0 0 0 0 0
 0 1 0 1 0 0 1 0 0 0 1 0 0 0 1 0 0 1 0 1 0 0 0 1 1 0 0 1 0 1 1 1 0 1 0 1 0 0 0 1 0 0 0 1 0 0 1 0 1 1
 0 1 1 0 0 1 0 0 0 0 0 0 0 0 0 0 0 1 0 1 0 0 0 0 0 1 1 1 0 0 0 1 0 1 0 1 1 1 1 0 0 1 1 1 0 0 0 0 1 1
 1 1 0 0 0 0 1 0 0 0 0 0 1 0 1 0 0 0 1 0 0 0 1 0 0 1 1 1 0 0 1 1 0 1 0 0 0 0 1 1 0 1 1 0 1 0 0 1 0 1
 1 1 0 1 0 0 0 0 0 0 1 0 1 1 0 0 1 0 0 1 0 0 0 1 0 0 0 0 0 1 0 1 1 0 0 0 1 1 0 1 1 0 1 1 0 0 0 0 1 0
 0 1 1 0 1 0 0 1 0 0 1 0 0 0 1 1 0 0 0 0 0 0 0 1 0 1 0 1 0 0 0 0 0 0 1 1 1 0 0 1 0 1 1 0 1 0 1 0 1 0
 1 0 0 0 0 0 1 0 0 0 0 1 0 1 1 0 0 0 1 0 1 0 0 1 0 0 0 0 1 0 0 1 1 0 1 0 0 1 1 0 0 0 0 1 0 0 0 0 0 1
 1 1 0 0 0 0 0 0 0 0 1 0 1 1 0 0 0 1 0 0 0 1 0 1 1 0 0 0 1 0 0 0 1 0 0 1 0 1 0 0 0 1 0 0 0 0 1 0 1 1
 1 1 0 0 0 0 0 0 0 0 0 0 1 0 0 1 1 1 1 1 0 0 1 0 0 0 0 0 1 0 1 0 0 0 1 1 0 1 1 0 1 1 0 0 1 0 1 1 0 0
 0 0 1 0 0 1 1 0 1 0 0 0 0 1 0 0 0 0 0 0 1 1 1 0 0 1 0 1 1 1 0 1 1 0 0 0 0 0 0 1 0 0 0 0 1 1 1 1 0 0
 1 1 0 0 0 0 0 1 0 0 0 0 1 0 0 0 1 0 0 0 1 1 0 1 0 0 1 0 0 0 0 1 0 1 1 0 1 0 1 1 1 0 0 0 1 0 0 0 1 1
 1 0 0 0 1 1 0 0 1 1 0 1 0 0 0 0 0 0 1 1 0 0 1 1 0 0 0 0 1 0 1 0 1 1 0 0 1 0 0 1 1 0 1 1 0 1 0 1 0 1
 1 0 0 0 0 1 0 1 1 0 1 0 0 0 1 0 1 1 1 1 0 0 0 1 0 1 0 0 1 0 1 1 1 0 0 0 0 1 0 0 0 1 0 0 0 1 1 0 1 0
 0 0 1 0 1 0 1 1 0 0 0 0 0 1 0 1 0 0 0 1 0 0 1 1 0 1 0 1 0 0 1 0 0 1 1 0 1 0 0 0 1 0 1 0 0 0 0 0 1 1
 0 0 0 0 0 0 1 0 0 1 0 0 0 0 1 0 0 0 1 0 1 0 1 0 0 1 1 1 0 0 1 1 0 0 0 0 0 1 0 0 0 0 0 1 0 1 0 0 1 1
 1 1 0 0 0 1 0 0 0 1 0 1 0 1 0 0 0 0 0 1 1 0 1 0 1 0 0 0 1 0 1 0 1 0 1 1 0 0 0 0 0 0 1 0 1 1 1 0 0 0
 0 0 1 1 0 0 0 0 1 1 0 0 0 1 0 0 0 0 1 0 0 0 1 1 1 1 1 1 1 1 0 1 0 0 0 0 0 1 0 0 1 0 0 0 1 0 0 0 1 1
 1 0 0 0 1 0 0 1 0 1 0 0 1 1 0 1 0 1 0 1 1 0 0 1 0 0 0 1 1 0 0 1 1 1 1 1 1 0 1 0 1 0 1 0 0 0 0 1 0 0
 0 0 1 1 0 1 0 0 0 1 0 0 1 1 1 0 1 0 1 0 1 1 0 1 1 0 0 1 0 1 0 0 0 0 1 0 1 1 1 1 0 0 1 1 0 0 1 0 0 1
 0 0 0 0 0 0 0 1 0 0 1 1 0 0 0 1 1 0 1 1 0 0 0 0 1 1 1 0 0 1 0 0 1 0 0 0 1 0 1 0 1 0 0 1 0 0 0 1 0 1
 0 0 0 0 0 0 0 0 1 0 1 1 0 0 0 0 0 0 0 1 0 0 0 0 1 1 1 1 0 1 0 0 1 0 0 0 0 0 0 1 1 1 0 0 0 1 0 0 1 1
 0 1 0 0 1 0 0 0 0 1 1 0 1 0 1 1 1 1 0 0 0 0 0 0 0 1 0 1 0 0 0 0 1 1 0 0 1 0 0 0 0 0 1 1 0 0 0 0 0 1
 1 0 1 0 0 1 1 1 1 0 0 1 1 1 1 0 0 1 1 1 0 0 0 0 0 0 0 0 0 0 1 1 0 0 0 1 0 1 0 0 0 0 1 1 0 0 1 1 1 1
 0 1 1 0 0 0 0 0 1 0 0 0 0 0 0 0 1 1 0 1 1 1 0 0 0 0 0 0 0 0 1 0 0 1 0 0 1 0 0 0 1 0 0 0 0 0 1 1 0 0
 0 1 0 1 1 0 1 0 0 0 1 0 0 1 1 1 0 1 0 0 1 1 1 0 0 0 1 0 1 1 0 1 0 0 0 1 1 0 1 1 0 0 1 0 0 1 1 0 0 1
 1 1 0 1 1 0 0 0 0 0 0 1 0 0 0 1 0 1 0 0 1 1 0 0 0 1 0 1 0 0 0 1 0 0 1 0 0 0 1 1 1 1 0 1 0 0 0 0 1 0
 1 1 1 1 1 0 1 0 0 0 1 0 0 0 1 1 0 1 1 1 0 1 1 0 0 0 1 0 0 0 1 1 0 1 0 1 1 0 0 0 1 0 0 1 0 0 1 1 1 1
 1 0 0 0 0 0 0 1 1 1 1 0 1 1 0 0 1 1 1 0 0 0 0 0 0 1 0 0 0 0 1 0 1 1 1 0 0 1 0 1 0 1 0 0 0 0 0 1 0 1
 1 0 1 0 0 1 0 0 0 0 1 0 0 0 0 0 0 1 0 1 1 1 0 0 0 1 0 0 0 0 1 0 0 1 1 0 1 0 0 0 1 0 1 0 1 0 0 1 1 0
 1 0 1 0 1 0 0 0 0 1 0 0 1 1 1 1 1 0 0 0 0 0 0 1 1 0 0 1 1 1 0 1 1 0 0 0 1 1 0 0 0 0 0 0 1 0 1 1 0 0
 1 1 1 1 1 1 0 1 0 0 1 1 0 1 0 1 0 1 1 0 0 0 0 1 0 1 1 1 0 0 1 0 0 0 1 0 1 0 0 0 1 1 0 1 0 1 0 0 1 1
 1 1 0 0 0 1 0 1 1 0 1 0 1 1 0 0 1 0 1 0 1 1 1 0 0 0 0 0 1 0 1 0 0 1 1 0 1 0 1 1 1 1 1 0 0 1 0 1 1 0
 0 0 1 1 1 0 0 0 0 0 0 1 1 0 1 0 0 0 1 0 0 0 1 0 1 0 0 1 1 1 0 0 1 0 1 0 0 0 0 0 1 0 1 0 1 0 0 0 0 1
 0 0 0 0 0 0 1 1 0 1 0 1 0 0 1 0 1 0 1 1 0 0 0 0 0 0 1 0 1 1 0 1 1 1 0 0 1 1 1 0 1 0 0 0 0 0 0 1 0 1
 0 0 1 1 0 0 1 0 1 1 0 0 0 0 0 0 1 0 1 0 0 0 0 1 0 1 0 1 0 0 0 0 0 0 0 0 0 0 0 0 0 1 0 0 0 1 1 0 1 0
 0 1 0 1 0 1 1 0 0 0 0 1 1 0 1 0 0 0 1 1 1 0 1 0 1 1 0 1 0 1 1 1 1 0 1 0 0 1 1 1 1 1 1 0 0 0 1 1 0 1
 0 0 0 1 0 1 0 1 1 1 0 0 0 1 0 1 0 1 0 1 0 0 0 1 0 0 0 0 1 0 1 0 0 0 1 0 1 0 1 0 0 0 1 1 0 0 1 0 0 0
 1 0 0 1 1 0 0 1 0 1 0 1 0 0 0 0 0 0 1 1 1 0 0 0 0 1 1 0 0 0 0 0 1 0 1 0 1 1 0 1 0 1 1 0 1 0 0 0 1 0
 0 1 1 0 1 1 1 0 0 0 1 1 1 0 0 0 0 0 0 1 0 1 0 0 0 1 1 0 1 0 0 0 1 0 0 0 1 0 1 0 1 1 1 0 0 1 0 0 1 1
 1 0 0 0 0 1 0 0 0 1 0 1 1 0 1 0 0 1 1 0 1 1 0 0 1 0 1 1 0 1 0 1 1 1 1 0 1 0 0 1 0 0 1 1 0 0 0 1 0 1
 1 0 0 1 1 0 1 0 1 1 0 0 0 1 0 0 0 0 0 0 0 1 0 0 0 0 1 0 1 0 0 1 1 0 0 1 1 0 1 1 0 0 0 0 1 0 1 0 0 0
 0 0 0 1 1 1 1 0 0 0 0 0 1 0 1 0 1 0 1 1 0 0 1 1 0 1 0 0 0 1 0 0 1 1 0 0 1 1 1 1 1 0 0 0 1 0 0 0 0 1
 0 1 1 1 0 1 0 1 0 0 0 0 1 0 0 1 0 0 0 1 1 0 1 1 0 0 1 1 0 0 0 1 0 0 0 0 0 1 0 0 1 0 0 0 0 0 1 1 0 1
 0 0 0 0 1 0 1 0 0 1 1 1 0 0 0 0 1 1 0 0 0 0 0 0 0 0 0 0 0 1 1 0 0 1 0 0 0 0 1 0 0 1 1 0 0 0 0 0 0 0
 0 0 0 0 0 0 0 0 0 0 1 0 1 1 0 1 1 0 0 0 0 1 0 0 0 1 0 0 0 0 0 1 1 0 0 1 0 0 0 1 0 0 0 0 0 0 1 0 0 1
 0 0 1 0 0 0 1 0 1 1 1 0 0 1 0 0 1 0 0 1 0 0 0 1 1 1 0 1 0 0 1 0 0 0 0 1 1 1 0 0 0 1 0 1 0 1 0 0 1 0
 1 0 0 0 1 0 0 0 0 1 1 0 1 0 0 0 0 0 1 0 1 0 0 1 1 0 0 1 1 1 1 0 1 0 1 0 1 0 0 0 1 0 0 1 0 0 0 0 0 0
 0 0 1 1 0 1 1 0 1 0 0 1 0 1 1 1 0 1 0 0 0 1 0 1 0 0 1 1 0 1 0 1 1 0 0 1 0 0 1 1 0 0 0 0 0 0 1 0 0 1
 1 0 1 1 1 0 0 1 1 0 0 1 1 0 1 1 0 1 0 1 1 1 1 1 0 1 0 1 1 0 0 1 0 1 1 0 1 0 0 1 1 0 1 1 0 1 0 0 1 0
