50
   34   85  119  102   60   42   60   48   45   82   61  112  108   51   94   57   27   80   81   71  104   50   48   39   33   40  107   32   42   91  109  107  106   74   49   76   84   54   50   29   48   23   90   20  105  118   44   69  103   31
 0 1 0 1 0 1 0 0 0 1 0 1 1 0 1 0 0 1 1 0 0 1 1 0 1 1 1 1 1 1 0 1 0 0 1 1 1 1 1 1 0 0 1 0 1 0 0 0 1 0
 1 0 1 1 0 0 0 0 0 0 0 1 1 1 1 1 1 1 0 0 1 1 0 0 0 1 1 1 1 0 0 0 1 0 0 0 0 0 1 0 0 1 1 0 0 0 0 0 0 0
 0 1 0 0 1 0 0 0 1 1 1 0 1 0 0 0 0 0 1 1 0 0 1 1 0 0 0 0 0 1 1 0 0 0 0 1 1 1 0 1 0 0 1 1 0 1 0 0 0 1
 1 1 0 0 0 0 0 0 0 0 1 1 0 0 0 0 0 0 1 1 1 0 0 1 0 1 1 0 0 0 1 0 0 0 1 1 0 0 0 1 1 0 1 1 0 1 0 0 0 1
 0 0 1 0 0 0 0 1 1 1 1 1 0 1 0 1 1 0 0 1 0 0 0 1 1 1 1 1 0 1 0 0 1 1 1 0 0 0 1 0 0 0 0 0 1 1 0 0 0 0
 1 0 0 0 0 0 0 1 1 0 0 0 0 0 0 1 1 0 0 0 0 0 0 0 0 0 1 0 0 1 1 1 0 0 1 1 0 1 1 0 0 0 1 1 0 0 0 0 0 0
 0 0 0 0 0 0 0 1 1 1 0 0 1 1 1 1 1 1 0 0 0 1 0 0 1 0 0 0 0 0 1 0 1 1 0 1 0 1 0 0 0 0 0 0 1 0 0 0 0 0
 0 0 0 0 1 1 1 0 1 1 0 0 0 1 0 1 1 0 0 0 0 0 0 0 1 0 0 1 0 0 1 1 0 1 0 1 0 0 1 0 0 1 0 1 1 0 0 0 0 0
 0 0 1 0 1 1 1 1 0 0 0 0 0 1 1 0 0 1 0 0 1 0 1 0 0 1 1 1 0 0 0 0 1 0 0 1 0 1 1 0 0 0 0 0 0 0 0 0 1 0
 1 0 1 0 1 0 1 1 0 0 0 0 0 0 0 1 1 0 1 1 0 0 0 0 0 0 0 1 0 1 0 1 0 0 1 1 0 1 0 1 1 0 0 1 1 1 1 1 1 0
 0 0 1 1 1 0 0 0 0 0 0 0 0 0 0 0 1 0 0 0 0 1 0 0 1 0 1 0 0 0 1 0 1 1 0 0 1 1 0 0 0 1 0 1 0 1 1 0 1 0
 1 1 0 1 1 0 0 0 0 0 0 0 0 0 1 0 0 0 0 1 0 0 1 1 0 1 0 0 1 0 1 1 1 1 0 1 1 0 1 1 1 0 0 1 0 0 0 0 1 1
 1 1 1 0 0 0 1 0 0 0 0 0 0 0 1 0 0 0 0 0 0 0 0 1 0 1 0 1 1 1 1 0 0 0 0 1 0 1 0 0 1 0 0 1 1 0 1 1 0 0
 0 1 0 0 1 0 1 1 1 0 0 0 0 0 0 0 1 0 0 0 0 0 1 1 0 0 0 0 1 0 0 1 1 0 0 0 1 1 1 1 0 1 0 0 0 0 1 0 0 1
 1 1 0 0 0 0 1 0 1 0 0 1 1 0 0 1 0 1 0 0 1 0 1 1 0 0 1 1 0 0 0 0 0 0 0 0 0 0 0 1 0 0 1 0 0 0 1 0 0 1
 0 1 0 0 1 1 1 1 0 1 0 0 0 0 1 0 0 1 1 0 0 0 1 0 0 1 1 0 0 0 1 0 0 1 1 0 1 1 0 1 0 0 0 1 1 1 1 0 0 0
 0 1 0 0 1 1 1 1 0 1 1 0 0 1 0 0 0 1 0 0 0 1 0 0 1 0 0 0 0 1 1 0 0 0 1 0 0 1 1 1 0 1 1 1 0 0 1 0 0 0
 1 1 0 0 0 0 1 0 1 0 0 0 0 0 1 1 1 0 1 1 0 1 0 0 1 0 1 1 0 0 0 1 0 0 1 0 1 0 1 0 1 0 1 1 1 0 0 0 1 0
 1 0 1 1 0 0 0 0 0 1 0 0 0 0 0 1 0 1 0 1 0 1 0 0 1 1 0 0 0 0 1 0 0 0 1 0 0 0 0 0 1 0 0 1 1 1 0 1 1 1
 0 0 1 1 1 0 0 0 0 1 0 1 0 0 0 0 0 1 1 0 1 0 1 0 0 0 0 1 0 0 0 1 1 1 0 0 0 0 0 0 0 1 1 0 0 1 1 0 0 0
 0 1 0 1 0 0 0 0 1 0 0 0 0 0 1 0 0 0 0 1 0 0 1 1 0 1 1 0 0 1 1 0 1 0 0 1 1 1 0 1 0 0 0 1 1 1 0 0 1 1
 1 1 0 0 0 0 1 0 0 0 1 0 0 0 0 0 1 1 1 0 0 0 1 1 1 0 0 0 0 0 0 0 1 1 0 1 0 0 1 0 0 1 1 1 0 0 0 1 0 0
 1 0 1 0 0 0 0 0 1 0 0 1 0 1 1 1 0 0 0 1 1 1 0 0 0 0 0 1 1 0 0 0 0 0 0 1 1 1 0 0 1 0 0 0 1 1 0 1 1 0
 0 0 1 1 1 0 0 0 0 0 0 1 1 1 1 0 0 0 0 0 1 1 0 0 0 1 0 0 1 0 0 1 1 1 1 0 1 0 0 0 0 1 0 0 0 1 0 1 0 0
 1 0 0 0 1 0 1 1 0 0 1 0 0 0 0 0 1 1 1 0 0 1 0 0 0 1 1 1 0 0 0 1 1 0 0 0 0 0 1 0 0 0 1 1 1 0 1 0 1 1
 1 1 0 1 1 0 0 0 1 0 0 1 1 0 0 1 0 0 1 0 1 0 0 1 1 0 1 0 0 0 0 0 0 1 0 0 0 0 0 0 1 0 0 0 0 1 1 1 1 0
 1 1 0 1 1 1 0 0 1 0 1 0 0 0 1 1 0 1 0 0 1 0 0 0 1 1 0 1 1 0 1 0 0 1 0 0 1 1 1 0 0 0 0 0 1 1 0 0 0 1
 1 1 0 0 1 0 0 1 1 1 0 0 1 0 1 0 0 1 0 1 0 0 1 0 1 0 1 0 0 0 0 1 1 1 1 0 0 0 0 0 0 1 0 0 0 1 1 1 0 0
 1 1 0 0 0 0 0 0 0 0 0 1 1 1 0 0 0 0 0 0 0 0 1 1 0 0 1 0 0 0 0 0 1 1 1 0 1 1 0 1 1 0 1 0 0 1 0 1 1 1
 1 0 1 0 1 1 0 0 0 1 0 0 1 0 0 0 1 0 0 0 1 0 0 0 0 0 0 0 0 0 0 1 1 1 0 1 1 0 0 0 0 0 1 1 1 0 1 1 0 1
 0 0 1 1 0 1 1 1 0 0 1 1 1 0 0 1 1 0 1 0 1 0 0 0 0 0 1 0 0 0 0 0 0 1 0 0 0 0 0 1 1 0 1 0 1 1 0 1 0 0
 1 0 0 0 0 1 0 1 0 1 0 1 0 1 0 0 0 1 0 1 0 0 0 1 1 0 0 1 0 1 0 0 1 0 0 0 1 0 0 0 0 1 1 0 0 1 1 0 1 1
 0 1 0 0 1 0 1 0 1 0 1 1 0 1 0 0 0 0 0 1 1 1 0 1 1 0 0 1 1 1 0 1 0 1 0 1 1 0 1 1 1 0 1 1 0 0 1 0 0 1
 0 0 0 0 1 0 1 1 0 0 1 1 0 0 0 1 0 0 0 1 0 1 0 1 0 1 1 1 1 1 1 0 1 0 0 0 0 0 0 0 0 1 0 0 0 0 0 0 1 1
 1 0 0 1 1 1 0 0 0 1 0 0 0 0 0 1 1 1 1 0 0 0 0 1 0 0 0 1 1 0 0 0 0 0 0 0 0 1 0 1 0 0 0 0 0 1 1 0 0 1
 1 0 1 1 0 1 1 1 1 1 0 1 1 0 0 0 0 0 0 0 1 1 1 0 0 0 0 0 0 1 0 0 1 0 0 0 1 0 1 0 1 1 1 1 1 0 0 1 0 1
 1 0 1 0 0 0 0 0 0 0 1 1 0 1 0 1 0 1 0 0 1 0 1 1 0 0 1 0 1 1 0 1 1 0 0 1 0 1 1 0 0 0 0 0 1 1 0 0 0 0
 1 0 1 0 0 1 1 0 1 1 1 0 1 1 0 1 1 0 0 0 1 0 1 0 0 0 1 0 1 0 0 0 0 0 1 0 1 0 1 0 0 1 0 0 0 0 0 1 0 0
 1 1 0 0 1 1 0 1 1 0 0 1 0 1 0 0 1 1 0 0 0 1 0 0 1 0 1 0 0 0 0 0 1 0 0 1 1 1 0 1 0 1 0 1 1 0 0 1 1 1
 1 0 1 1 0 0 0 0 0 1 0 1 0 1 1 1 1 0 0 0 1 0 0 0 0 0 0 0 1 0 1 0 1 0 1 0 0 0 1 0 0 0 1 0 0 1 0 1 1 1
 0 0 0 1 0 0 0 0 0 1 0 1 1 0 0 0 0 1 1 0 0 0 1 0 0 1 0 0 1 0 1 0 1 0 0 1 0 0 0 0 0 0 0 1 0 0 1 0 0 1
 0 1 0 0 0 0 0 1 0 0 1 0 0 1 0 0 1 0 0 1 0 1 0 1 0 0 0 1 0 0 0 1 0 1 0 1 0 1 1 0 0 0 0 0 1 1 0 1 0 1
 1 1 1 1 0 1 0 0 0 0 0 0 0 0 1 0 1 1 0 1 0 1 0 0 1 0 0 0 1 1 1 1 1 0 0 1 0 0 0 1 0 0 0 0 0 0 0 0 0 1
 0 0 1 1 0 1 0 1 0 1 1 1 1 0 0 1 1 1 1 0 1 1 0 0 1 0 0 0 0 1 0 0 1 0 0 1 0 0 1 0 1 0 0 0 1 1 0 0 0 1
 1 0 0 0 1 0 1 1 0 1 0 0 1 0 0 1 0 1 1 0 1 0 1 0 1 0 1 0 0 1 1 0 0 0 0 1 1 0 1 0 0 1 0 1 0 1 0 0 0 1
 0 0 1 1 1 0 0 0 0 1 1 0 0 0 0 1 0 0 1 1 1 0 1 1 0 1 1 1 1 0 1 1 0 0 1 0 1 0 0 1 0 1 0 1 1 0 0 0 0 1
 0 0 0 0 0 0 0 0 0 1 1 0 1 1 1 1 1 0 0 1 0 0 0 0 1 1 0 1 0 1 0 1 1 0 1 0 0 0 0 0 1 0 0 0 0 0 0 0 1 0
 0 0 0 0 0 0 0 0 0 1 0 0 1 0 0 0 0 0 1 0 0 1 1 1 0 1 0 1 1 1 1 0 0 0 0 1 0 1 1 1 0 1 0 0 0 0 0 0 0 0
 1 0 0 0 0 0 0 0 1 1 1 1 0 0 0 0 0 1 1 0 1 0 1 0 1 1 0 0 1 0 0 1 0 1 0 0 0 0 1 1 0 0 0 0 0 0 1 0 0 1
 0 0 1 1 0 0 0 0 0 0 0 1 0 1 1 0 0 0 1 0 1 0 0 0 1 0 1 0 1 1 0 1 1 1 1 1 0 0 1 1 1 1 1 1 1 1 0 0 1 0
