50
   20  116   50  113  112   22   31   27   73   84   69   37   79   32   21   61   42   45   99   90   77   77   62   82   94   46   92   39   59   31   51   88   53   99   47  100   33   27  103  107  117  112   80   56   80   78   55  110   26   98
 0 0 0 1 1 0 0 0 0 0 0 0 1 0 1 0 1 0 1 0 1 1 0 0 0 0 1 0 1 1 1 1 1 1 1 0 1 1 1 0 1 0 1 1 1 0 1 1 1 1
 0 0 1 1 0 1 0 0 1 1 1 1 1 0 1 0 1 0 1 0 1 0 0 1 1 1 1 1 1 1 1 0 1 0 1 0 0 0 0 0 1 1 0 1 1 1 0 1 1 0
 0 1 0 1 0 0 0 1 1 1 1 1 1 0 1 0 0 1 0 0 1 0 1 1 1 0 1 0 1 1 0 1 1 0 1 1 0 1 0 1 1 1 0 1 1 0 1 0 1 1
 1 1 1 0 1 1 0 0 0 1 1 1 1 1 1 0 1 1 1 0 0 1 0 0 0 0 1 0 0 0 1 1 1 1 0 1 1 1 0 1 1 0 1 0 1 1 0 0 1 1
 1 0 0 1 0 0 0 0 0 1 1 1 0 0 1 0 0 1 0 1 1 1 1 1 1 0 1 1 1 1 0 1 0 0 0 0 0 1 1 0 0 1 1 0 1 0 0 0 0 1
 0 1 0 1 0 0 0 1 0 0 1 0 1 1 1 1 1 1 1 1 1 1 1 1 0 1 1 0 1 0 1 0 1 0 0 1 1 1 0 1 1 1 1 1 1 0 1 1 1 0
 0 0 0 0 0 0 0 0 0 1 0 1 1 0 1 1 1 1 0 0 1 0 1 1 1 1 0 0 1 0 1 1 1 0 1 1 1 1 1 1 1 0 1 0 1 1 1 1 1 1
 0 0 1 0 0 1 0 0 0 0 0 1 1 0 1 1 0 0 0 1 0 0 1 1 1 0 1 1 1 1 0 1 1 0 1 1 0 0 0 1 1 1 1 0 0 1 1 0 0 1
 0 1 1 0 0 0 0 0 0 0 1 1 1 0 0 0 1 0 1 1 1 0 0 1 0 0 1 1 1 0 1 0 0 0 0 1 1 0 1 1 1 1 1 1 0 1 0 1 0 1
 0 1 1 1 1 0 1 0 0 0 0 0 0 0 1 0 1 0 1 1 1 1 0 1 1 1 0 0 1 0 0 0 1 1 1 1 1 1 1 1 1 1 0 1 1 1 1 1 1 1
 0 1 1 1 1 1 0 0 1 0 0 1 1 0 1 0 1 1 0 0 1 1 1 0 1 0 1 1 1 1 0 0 1 0 1 1 0 1 0 0 1 1 0 0 0 1 1 1 1 0
 0 1 1 1 1 0 1 1 1 0 1 0 1 0 1 1 0 0 1 1 1 0 1 1 1 1 1 0 0 1 1 1 1 1 1 1 0 0 1 1 1 1 0 1 0 1 0 1 0 1
 1 1 1 1 0 1 1 1 1 0 1 1 0 0 0 1 1 0 1 1 1 1 1 1 0 0 1 1 0 1 1 1 0 0 0 0 1 0 1 0 1 1 1 0 0 1 1 0 0 0
 0 0 0 1 0 1 0 0 0 0 0 0 0 0 1 0 1 1 1 0 1 1 1 1 0 1 1 1 1 1 0 0 1 1 1 1 0 0 1 0 1 0 1 1 1 1 0 1 1 1
 1 1 1 1 1 1 1 1 0 1 1 1 0 1 0 1 1 0 1 1 1 1 0 1 0 1 1 0 1 0 0 1 0 1 1 1 1 0 1 0 1 1 0 0 0 1 0 0 0 1
 0 0 0 0 0 1 1 1 0 0 0 1 1 0 1 0 0 0 0 1 1 0 0 0 1 0 1 1 0 1 1 0 1 1 1 1 1 1 0 1 0 1 1 1 0 0 0 1 1 1
 1 1 0 1 0 1 1 0 1 1 1 0 1 1 1 0 0 1 0 0 1 1 1 0 1 1 1 0 0 1 1 1 0 1 1 0 1 1 0 0 1 1 1 0 1 0 1 1 1 0
 0 0 1 1 1 1 1 0 0 0 1 0 0 1 0 0 1 0 1 1 0 0 0 0 1 1 1 0 1 1 0 1 1 1 1 1 1 1 0 0 0 1 0 1 1 1 0 0 0 0
 1 1 0 1 0 1 0 0 1 1 0 1 1 1 1 0 0 1 0 0 1 0 0 1 1 0 1 0 0 1 0 1 1 1 1 0 1 0 0 0 0 0 1 0 1 1 0 0 1 1
 0 0 0 0 1 1 0 1 1 1 0 1 1 0 1 1 0 1 0 0 1 0 1 1 0 1 1 1 1 0 1 1 1 1 0 0 1 1 1 0 1 0 1 1 0 0 1 0 1 0
 1 1 1 0 1 1 1 0 1 1 1 1 1 1 1 1 1 0 1 1 0 0 1 0 1 1 0 1 1 1 1 1 1 1 0 1 1 1 1 0 0 0 0 1 1 1 1 1 1 0
 1 0 0 1 1 1 0 0 0 1 1 0 1 1 1 0 1 0 0 0 0 0 1 0 1 1 0 1 1 1 1 1 0 0 1 1 0 1 1 1 0 0 1 1 1 1 0 1 1 0
 0 0 1 0 1 1 1 1 0 0 1 1 1 1 0 0 1 0 0 1 1 1 0 0 1 0 0 1 1 1 0 0 0 1 1 1 1 0 0 0 0 0 1 0 1 1 1 0 1 0
 0 1 1 0 1 1 1 1 1 1 0 1 1 1 1 0 0 0 1 1 0 0 0 0 1 0 1 1 1 1 1 0 1 0 0 1 1 1 1 1 1 0 1 1 0 0 1 0 0 1
 0 1 1 0 1 0 1 1 0 1 1 1 0 0 0 1 1 1 1 0 1 1 1 1 0 1 1 1 0 1 1 1 1 0 1 0 0 1 1 1 1 0 0 0 0 0 0 1 1 1
 0 1 0 0 0 1 1 0 0 1 0 1 0 1 1 0 1 1 0 1 1 1 0 0 1 0 1 0 1 1 1 1 0 0 1 0 1 0 0 1 1 1 0 0 1 1 1 1 0 1
 1 1 1 1 1 1 0 1 1 0 1 1 1 1 1 1 1 1 1 1 0 0 0 1 1 1 0 1 0 0 1 1 0 0 1 0 0 1 0 1 1 0 1 0 1 1 1 1 0 0
 0 1 0 0 1 0 0 1 1 0 1 0 1 1 0 1 0 0 0 1 1 1 1 1 1 0 1 0 1 1 1 0 0 1 1 1 1 0 1 1 0 1 1 1 0 1 1 1 0 1
 1 1 1 0 1 1 1 1 1 1 1 0 0 1 1 0 0 1 0 1 1 1 1 1 0 1 0 1 0 1 1 0 1 1 0 1 0 1 1 1 0 1 1 1 1 0 1 1 1 1
 1 1 1 0 1 0 0 1 0 0 1 1 1 1 0 1 1 1 1 0 1 1 1 1 1 1 0 1 1 0 1 0 0 1 0 1 1 1 1 1 1 1 0 1 1 0 0 0 1 0
 1 1 0 1 0 1 1 0 1 0 0 1 1 0 0 1 1 0 0 1 1 1 0 1 1 1 1 1 1 1 0 0 0 1 1 1 0 0 1 0 1 1 1 1 1 0 1 1 1 1
 1 0 1 1 1 0 1 1 0 0 0 1 1 0 1 0 1 1 1 1 1 1 0 0 1 1 1 0 0 0 0 0 1 1 0 1 1 1 1 1 1 0 0 1 1 1 1 1 1 1
 1 1 1 1 0 1 1 1 0 1 1 1 0 1 0 1 0 1 1 1 1 0 0 1 1 0 0 0 1 0 0 1 0 0 0 1 0 1 1 1 0 0 1 1 1 0 1 1 1 0
 1 0 0 1 0 0 0 0 0 1 0 1 0 1 1 1 1 1 1 1 1 0 1 0 0 0 0 1 1 1 1 1 0 0 1 1 1 0 0 1 1 0 0 1 1 0 0 1 1 0
 1 1 1 0 0 0 1 1 0 1 1 1 0 1 1 1 1 1 1 0 0 1 1 0 1 1 1 1 0 0 1 0 0 1 0 1 0 1 0 1 1 1 1 1 1 0 1 1 0 1
 0 0 1 1 0 1 1 1 1 1 1 1 0 1 1 1 0 1 0 0 1 1 1 1 0 0 0 1 1 1 1 1 1 1 1 0 1 1 0 1 0 1 0 1 1 0 0 1 1 1
 1 0 0 1 0 1 1 0 1 1 0 0 1 0 1 1 1 1 1 1 1 0 1 1 0 1 0 1 0 1 0 1 0 1 0 1 0 1 1 1 0 1 1 1 1 1 1 0 0 0
 1 0 1 1 1 1 1 0 0 1 1 0 0 0 0 1 1 1 0 1 1 1 0 1 1 0 1 0 1 1 0 1 1 0 1 1 1 0 0 1 1 0 0 1 1 1 0 1 0 1
 1 0 0 0 1 0 1 0 1 1 0 1 1 1 1 0 0 0 0 1 1 1 0 1 1 0 0 1 1 1 1 1 1 0 0 0 1 0 0 0 0 1 0 0 1 0 1 1 0 1
 0 0 1 1 0 1 1 1 1 1 0 1 0 0 0 1 0 0 0 0 0 1 0 1 1 1 1 1 1 1 0 1 1 1 1 1 1 1 0 0 1 1 1 1 1 1 0 0 1 0
 1 1 1 1 0 1 1 1 1 1 1 1 1 1 1 0 1 0 0 1 0 0 0 1 1 1 1 0 0 1 1 1 0 1 1 0 0 1 0 1 0 0 0 1 1 0 1 0 1 1
 0 1 1 0 1 1 0 1 1 1 1 1 1 0 1 1 1 1 0 0 0 0 0 0 0 1 0 1 1 1 1 0 0 0 1 1 1 0 1 1 0 0 1 0 1 1 1 0 1 0
 1 0 0 1 1 1 1 1 1 0 0 0 1 1 0 1 1 0 1 1 0 1 1 1 0 0 1 1 1 0 1 0 1 0 1 0 1 0 0 1 0 1 0 1 0 1 1 0 1 0
 1 1 1 0 0 1 0 0 1 1 0 1 0 1 0 1 0 1 0 1 1 1 0 1 0 0 0 1 1 1 1 1 1 1 1 1 1 1 0 1 1 0 1 0 0 0 0 0 0 0
 1 1 1 1 1 1 1 0 0 1 0 0 0 1 0 0 1 1 1 0 1 1 1 0 0 1 1 0 1 1 1 1 1 1 1 1 1 1 1 1 1 1 0 0 0 0 1 1 1 1
 0 1 0 1 0 0 1 1 1 1 1 1 1 1 1 0 0 1 1 0 1 1 1 0 0 1 1 1 0 0 0 1 0 0 0 0 1 1 0 1 0 1 1 0 0 0 0 1 1 0
 1 0 1 0 0 1 1 1 0 1 1 0 1 0 0 0 1 0 0 1 1 0 1 1 0 1 1 1 1 0 1 1 1 0 1 0 1 0 1 0 1 1 1 0 1 0 0 1 1 0
 1 1 0 0 0 1 1 0 1 1 1 1 0 1 0 1 1 0 0 0 1 1 0 0 1 1 1 1 1 0 1 1 1 1 1 1 0 1 1 0 0 0 0 0 1 1 1 0 1 0
 1 1 1 1 0 1 1 0 0 1 1 0 0 1 0 1 1 0 1 1 1 1 1 0 1 0 0 0 1 1 1 1 1 1 0 1 0 0 0 1 1 1 1 0 1 1 1 1 0 1
 1 0 1 1 1 0 1 1 1 1 0 1 0 1 1 1 0 0 1 0 0 0 0 1 1 1 0 1 1 0 1 1 0 0 1 1 0 1 1 0 1 0 0 0 1 0 0 0 1 0
