50
   99  114  110   56   84   63   30   51   45   48   20   38  103   62  113   98   31   49   25   93   89   65   41  116   91  112   52   51   87   20  112   60   41  114   72   26   61   69  115   83   81   47  100   92   33   43   38  117   47  113
 0 1 1 1 0 0 0 1 0 0 1 1 1 1 1 1 1 1 0 1 0 1 0 1 1 1 0 0 1 0 1 0 0 1 1 0 1 0 1 1 1 1 0 1 1 0 0 1 1 0
 1 0 1 1 1 1 0 1 0 0 1 1 0 1 0 1 1 1 1 1 1 1 1 1 1 1 0 1 1 0 1 1 1 1 0 0 1 0 1 0 0 1 0 0 0 0 0 0 1 1
 1 1 0 1 0 1 1 0 1 1 1 0 1 1 1 1 0 0 1 1 1 0 0 1 1 1 0 1 1 1 1 1 1 1 1 0 1 0 0 1 1 0 1 1 1 1 0 0 1 1
 1 1 1 0 0 1 1 1 1 0 0 0 0 0 1 1 1 1 1 1 1 1 0 1 0 1 1 1 1 0 0 1 0 1 1 0 1 0 0 1 1 1 0 0 0 0 1 0 1 1
 0 1 0 0 0 1 0 1 0 1 1 0 1 0 1 1 1 1 0 1 0 0 0 0 0 1 0 1 1 0 0 1 1 1 1 1 0 1 1 1 1 0 0 1 1 0 1 0 1 1
 0 1 1 1 1 0 0 1 1 0 1 1 0 1 0 0 1 1 1 0 1 0 1 1 0 0 0 0 1 1 0 1 1 1 1 1 1 0 1 0 1 1 1 1 0 1 0 1 1 1
 0 0 1 1 0 0 0 1 1 0 1 0 1 1 0 1 0 1 0 1 0 1 1 0 1 1 0 1 0 1 1 0 1 1 0 0 0 0 0 0 0 0 0 1 0 1 1 0 1 1
 1 1 0 1 1 1 1 0 1 0 1 0 0 1 1 1 0 1 1 0 1 1 1 1 1 1 1 1 1 1 1 0 1 0 1 1 1 0 0 0 1 1 1 0 0 1 1 1 1 0
 0 0 1 1 0 1 1 1 0 1 1 0 0 0 0 0 0 0 0 1 0 1 1 0 0 1 0 1 1 1 1 1 1 1 1 0 1 1 0 1 0 0 0 1 0 1 1 1 0 0
 0 0 1 0 1 0 0 0 1 0 1 1 0 0 0 0 1 0 0 1 1 0 1 1 0 0 1 0 1 1 1 1 1 1 0 1 0 0 1 0 1 1 0 0 1 1 1 0 0 1
 1 1 1 0 1 1 1 1 1 1 0 0 1 1 0 1 1 1 1 1 0 1 1 0 1 0 0 1 1 1 1 1 1 0 1 1 1 0 1 1 0 0 1 0 0 0 1 1 1 1
 1 1 0 0 0 1 0 0 0 1 0 0 1 0 1 1 0 1 1 0 0 0 0 0 1 1 1 1 0 1 0 1 1 1 1 0 1 1 0 0 0 0 0 1 1 0 1 1 1 0
 1 0 1 0 1 0 1 0 0 0 1 1 0 1 1 0 0 0 0 1 0 0 1 1 1 1 0 1 0 0 1 1 1 1 1 0 0 0 0 0 1 0 0 0 0 0 1 1 1 1
 1 1 1 0 0 1 1 1 0 0 1 0 1 0 0 0 0 1 0 1 0 0 1 1 0 0 0 1 0 1 1 1 0 0 1 1 1 1 1 1 1 1 0 1 1 1 1 1 0 0
 1 0 1 1 1 0 0 1 0 0 0 1 1 0 0 0 1 1 1 1 0 1 1 0 1 1 0 0 1 1 0 0 1 0 1 0 1 0 1 1 0 1 1 1 0 1 1 0 1 0
 1 1 1 1 1 0 1 1 0 0 1 1 0 0 0 0 1 1 0 1 0 1 1 1 1 0 1 1 1 1 0 1 0 1 1 0 0 0 1 0 1 0 0 1 1 0 0 0 1 1
 1 1 0 1 1 1 0 0 0 1 1 0 0 0 1 1 0 1 0 1 1 1 1 1 1 1 1 1 1 1 1 1 1 0 1 0 0 0 1 0 0 0 1 1 1 0 1 0 1 1
 1 1 0 1 1 1 1 1 0 0 1 1 0 1 1 1 1 0 0 1 1 1 0 0 1 1 0 1 1 1 0 1 1 0 1 0 1 1 0 1 1 1 1 0 1 1 0 0 1 0
 0 1 1 1 0 1 0 1 0 0 1 1 0 0 1 0 0 0 0 1 1 1 1 0 0 0 1 1 0 1 1 1 1 0 1 1 1 0 1 0 1 1 1 1 1 1 0 1 0 1
 1 1 1 1 1 0 1 0 1 1 1 0 1 1 1 1 1 1 1 0 0 0 0 1 0 0 1 1 0 1 1 1 1 1 0 1 0 0 1 1 0 1 1 1 0 1 0 1 0 1
 0 1 1 1 0 1 0 1 0 1 0 0 0 0 0 0 1 1 1 0 0 0 0 1 1 1 1 1 1 0 0 1 0 0 1 1 1 0 1 1 0 1 0 1 1 1 1 1 1 1
 1 1 0 1 0 0 1 1 1 0 1 0 0 0 1 1 1 1 1 0 0 0 1 0 1 1 1 0 1 1 0 0 1 0 1 1 1 1 0 1 0 1 1 1 0 0 1 1 0 1
 0 1 0 0 0 1 1 1 1 1 1 0 1 1 1 1 1 0 1 0 0 1 0 1 0 1 1 0 0 1 0 1 1 1 0 1 1 1 1 1 0 1 0 1 0 1 1 0 1 1
 1 1 1 1 0 1 0 1 0 1 0 0 1 1 0 1 1 0 0 1 1 0 1 0 1 1 0 0 1 0 0 1 1 0 1 1 1 1 1 1 1 0 1 1 1 1 1 1 0 1
 1 1 1 0 0 0 1 1 0 0 1 1 1 0 1 1 1 1 0 0 1 1 0 1 0 1 1 1 0 1 1 1 0 1 1 1 0 1 0 1 1 0 0 0 1 0 0 0 1 1
 1 1 1 1 1 0 1 1 1 0 0 1 1 0 1 0 1 1 0 0 1 1 1 1 1 0 1 0 1 1 0 1 1 0 1 1 1 0 0 1 1 0 0 1 1 1 1 1 1 0
 0 0 0 1 0 0 0 1 0 1 0 1 0 0 0 1 1 0 1 1 1 1 1 0 1 1 0 1 1 1 1 0 0 0 1 1 1 1 1 0 0 1 1 1 0 1 0 1 1 1
 0 1 1 1 1 0 1 1 1 0 1 1 1 1 0 1 1 1 1 1 1 0 0 0 1 0 1 0 0 1 1 0 1 0 1 1 0 1 0 1 1 1 0 1 1 0 1 1 1 0
 1 1 1 1 1 1 0 1 1 1 1 0 0 0 1 1 1 1 0 0 1 1 0 1 0 1 1 0 0 1 1 1 0 0 1 1 1 0 0 1 1 1 1 0 0 1 1 0 1 1
 0 0 1 0 0 1 1 1 1 1 1 1 0 1 1 1 1 1 1 1 0 1 1 0 1 1 1 1 1 0 0 0 1 0 0 0 1 0 1 0 1 0 0 1 1 0 0 1 1 0
 1 1 1 0 0 0 1 1 1 1 1 0 1 1 0 0 1 0 1 1 0 0 0 0 1 0 1 1 1 0 0 0 1 1 1 1 0 1 1 1 0 0 1 1 0 1 1 1 0 1
 0 1 1 1 1 1 0 0 1 1 1 1 1 1 0 1 1 1 1 1 1 0 1 1 1 1 0 0 1 0 0 0 1 0 0 1 1 0 1 0 0 0 1 1 0 0 0 0 1 0
 0 1 1 0 1 1 1 1 1 1 1 1 1 0 1 0 1 1 1 1 0 1 1 1 0 1 0 1 0 1 1 1 0 1 1 1 1 1 0 1 1 1 1 1 1 0 1 0 0 1
 1 1 1 1 1 1 1 0 1 1 0 1 1 0 0 1 0 0 0 1 0 0 1 0 1 0 0 0 0 0 1 0 1 0 1 1 1 0 0 0 1 1 0 1 1 1 1 1 1 0
 1 0 1 1 1 1 0 1 1 0 1 1 1 1 1 1 1 1 1 0 1 1 0 1 1 1 1 1 1 0 1 0 1 1 0 1 1 1 0 1 1 1 1 1 0 1 1 0 1 0
 0 0 0 0 1 1 0 1 0 1 1 0 0 1 0 0 0 0 1 1 1 1 1 1 1 1 1 1 1 0 1 1 1 1 1 0 0 0 0 1 0 0 1 1 0 0 0 0 1 1
 1 1 1 1 0 1 0 1 1 0 1 1 0 1 1 0 0 1 1 0 1 1 1 1 0 1 1 0 1 1 0 1 1 1 1 0 0 0 1 0 0 0 1 1 1 1 1 1 0 0
 0 0 0 0 1 0 0 0 1 0 0 1 0 1 0 0 0 1 0 0 0 1 1 1 1 0 1 1 0 0 1 0 1 0 1 0 0 0 1 0 1 0 0 0 0 1 0 1 1 1
 1 1 0 0 1 1 0 0 0 1 1 0 0 1 1 1 1 0 1 1 1 0 1 1 0 0 1 0 0 1 1 1 0 0 0 0 1 1 0 0 1 1 1 1 1 1 1 1 1 0
 1 0 1 1 1 0 0 0 1 0 1 0 0 1 1 0 0 1 0 1 1 1 1 1 1 1 0 1 1 0 1 0 1 0 1 1 0 0 0 0 0 0 0 1 1 1 1 0 0 1
 1 0 1 1 1 1 0 1 0 1 0 0 1 1 0 1 0 1 1 0 0 0 0 1 1 1 0 1 1 1 0 0 1 1 1 0 0 1 1 0 0 1 1 1 1 1 0 0 1 1
 1 1 0 1 0 1 0 1 0 1 0 0 0 1 1 0 0 1 1 1 1 1 1 0 0 0 1 1 1 0 0 0 1 1 1 0 0 0 1 0 1 0 0 1 1 1 1 1 1 0
 0 0 1 0 0 1 0 1 0 0 1 0 0 0 1 0 1 1 1 1 0 1 0 1 0 0 1 0 1 0 1 1 1 0 1 1 1 0 1 0 1 0 0 0 0 0 1 0 0 1
 1 0 1 0 1 1 1 0 1 0 0 1 0 1 1 1 1 0 1 1 1 1 1 1 0 1 1 1 0 1 1 1 1 1 1 1 1 0 1 1 1 1 0 0 0 1 0 1 0 0
 1 0 1 0 1 0 0 0 0 1 0 1 0 1 0 1 1 1 1 0 1 0 0 1 1 1 0 1 0 1 0 0 1 1 0 0 1 0 1 1 1 1 0 0 0 1 1 1 0 1
 0 0 1 0 0 1 1 1 1 1 0 0 0 1 1 0 0 1 1 1 1 0 1 1 0 1 1 0 1 0 1 0 0 1 1 0 1 1 1 1 1 1 0 1 1 0 1 0 0 0
 0 0 0 1 1 0 1 1 1 1 1 1 1 1 1 0 1 0 0 0 1 1 1 1 0 1 0 1 1 0 1 0 1 1 1 0 1 0 1 1 0 1 1 0 1 1 0 1 0 1
 1 0 0 0 0 1 0 1 1 0 1 1 1 1 0 0 0 0 1 1 1 1 0 1 0 1 1 1 0 1 1 0 0 1 0 0 1 1 1 0 0 1 0 1 1 0 1 0 1 1
 1 1 1 1 1 1 1 1 0 0 1 1 1 0 1 1 1 1 0 0 1 0 1 0 1 1 1 1 1 1 0 1 0 1 1 1 0 1 1 0 1 1 0 0 0 0 0 1 0 1
 0 1 1 1 1 1 1 0 0 1 1 0 1 0 0 1 1 0 1 1 1 1 1 1 1 0 1 0 1 0 1 0 1 0 0 1 0 1 0 1 1 0 1 0 1 0 1 1 1 0
