50
  110  229   40   64  422  101  133   59  135    7  142   61  269  297  331  324  218   36  274  198  263   48  198   65  162  121   59  219  371  173  150  516  179  175   59  480  272  634  299  353  297   52  171  272   81  276  176  461  411  152
 0 1 1 0 1 1 0 1 1 0 0 1 0 0 0 1 0 0 1 1 0 1 0 0 0 0 0 1 0 0 0 0 0 0 0 0 0 0 1 0 0 0 1 1 1 0 0 1 0 0
 1 0 0 0 0 0 1 0 1 1 1 1 0 0 0 0 1 1 1 0 0 1 1 1 0 0 0 1 1 0 0 0 0 1 0 0 0 0 1 0 0 0 0 1 0 1 0 1 1 0
 1 0 0 0 1 1 0 0 0 1 0 1 0 1 1 1 1 0 0 0 0 1 0 1 0 0 0 1 0 1 0 0 1 1 0 0 1 0 0 1 1 1 0 0 1 1 1 0 1 0
 0 0 0 0 0 0 0 0 1 0 1 1 1 0 0 1 1 0 1 0 0 1 1 0 0 1 0 1 0 0 0 0 0 1 0 0 0 0 0 0 0 1 0 1 0 0 0 1 1 0
 1 0 1 0 0 0 0 0 1 0 1 0 1 1 0 1 1 1 0 0 0 1 1 1 1 0 1 0 0 1 0 0 0 0 0 1 1 1 0 1 0 0 0 0 0 1 1 1 0 0
 1 0 1 0 0 0 0 1 0 0 1 0 0 0 0 0 0 1 1 0 1 0 0 0 1 0 0 0 1 0 0 1 1 0 0 0 0 0 0 0 0 1 1 1 1 0 0 0 0 0
 0 1 0 0 0 0 0 0 1 1 0 0 0 1 0 1 0 1 0 1 0 1 0 0 0 1 0 1 1 1 1 1 0 0 0 1 1 1 1 1 0 0 1 0 1 1 0 1 0 1
 1 0 0 0 0 1 0 0 0 1 0 1 1 0 0 0 0 0 0 0 0 0 0 0 0 0 0 0 1 1 1 1 0 1 1 1 0 1 0 1 0 1 0 1 1 0 0 1 0 1
 1 1 0 1 1 0 1 0 0 0 0 0 0 1 0 0 1 0 0 0 1 1 0 0 0 0 1 0 1 0 0 0 0 0 1 0 0 1 0 0 1 1 0 0 0 0 0 1 0 0
 0 1 1 0 0 0 1 1 0 0 1 0 0 1 0 0 0 1 0 0 0 0 0 0 0 0 0 0 0 1 1 1 0 0 0 0 0 0 1 0 0 0 0 0 1 0 0 1 1 1
 0 1 0 1 1 1 0 0 0 1 0 1 0 0 0 0 0 0 1 0 0 0 1 1 0 0 0 0 1 0 1 0 0 0 0 1 1 1 0 0 1 0 1 1 1 0 0 1 1 1
 1 1 1 1 0 0 0 1 0 0 1 0 1 0 0 0 0 1 1 0 0 0 0 1 0 0 1 0 1 0 0 1 0 1 1 0 0 0 0 0 0 1 0 0 0 1 0 0 1 1
 0 0 0 1 1 0 0 1 0 0 0 1 0 1 1 0 1 1 0 0 1 0 1 1 0 1 1 0 1 1 1 0 1 0 0 1 0 1 1 1 0 0 0 0 0 1 0 0 0 0
 0 0 1 0 1 0 1 0 1 1 0 0 1 0 0 0 0 0 0 0 1 0 1 1 0 0 1 1 1 0 1 1 1 1 0 0 1 1 0 1 0 1 0 1 0 0 0 1 0 1
 0 0 1 0 0 0 0 0 0 0 0 0 1 0 0 1 0 0 0 0 1 1 0 1 0 1 1 0 1 1 0 0 1 1 1 1 0 1 0 1 0 1 1 0 0 1 1 0 0 0
 1 0 1 1 1 0 1 0 0 0 0 0 0 0 1 0 1 0 0 0 1 0 0 1 0 0 1 0 0 0 1 1 0 0 0 1 0 1 0 1 0 0 0 0 1 0 1 1 1 0
 0 1 1 1 1 0 0 0 1 0 0 0 1 0 0 1 0 0 1 1 1 0 0 0 1 0 1 1 0 0 1 0 1 0 0 1 1 1 0 0 0 0 0 1 0 0 0 0 1 0
 0 1 0 0 1 1 1 0 0 1 0 1 1 0 0 0 0 0 0 0 0 1 1 0 0 0 0 0 0 0 0 1 0 0 0 1 0 1 1 1 1 0 1 1 1 0 0 0 0 0
 1 1 0 1 0 1 0 0 0 0 1 1 0 0 0 0 1 0 0 0 1 1 0 0 1 0 0 0 0 1 0 0 0 1 1 1 0 1 1 1 0 1 0 0 0 1 1 0 1 0
 1 0 0 0 0 0 1 0 0 0 0 0 0 0 0 0 1 0 0 0 1 1 0 1 1 1 1 0 0 0 0 0 0 1 0 1 0 0 1 0 1 1 1 1 1 1 1 0 0 0
 0 0 0 0 0 1 0 0 1 0 0 0 1 1 1 1 1 0 1 1 0 1 1 0 0 0 0 0 1 0 0 0 0 1 0 0 0 1 0 1 0 0 0 1 1 0 1 0 1 0
 1 1 1 1 1 0 1 0 1 0 0 0 0 0 1 0 0 1 1 1 1 0 1 0 1 0 0 0 1 0 1 1 0 1 0 0 1 0 0 1 0 0 0 0 1 0 0 0 0 1
 0 1 0 1 1 0 0 0 0 0 1 0 1 1 0 0 0 1 0 0 1 1 0 0 1 0 0 0 0 1 1 1 0 0 1 1 0 0 0 1 1 1 0 0 0 0 0 1 0 0
 0 1 1 0 1 0 0 0 0 0 1 1 1 1 1 1 0 0 0 1 0 0 0 0 0 0 0 0 0 1 0 1 0 0 0 1 0 1 1 1 0 0 0 1 0 0 1 0 0 1
 0 0 0 0 1 1 0 0 0 0 0 0 0 0 0 0 1 0 1 1 0 1 1 0 0 1 1 1 1 1 0 1 1 1 0 0 1 1 0 0 1 0 0 0 0 0 0 0 0 1
 0 0 0 1 0 0 1 0 0 0 0 0 1 0 1 0 0 0 0 1 0 0 0 0 1 0 1 0 1 1 1 1 0 0 0 0 0 0 0 0 1 0 1 1 0 1 1 1 1 0
 0 0 0 0 1 0 0 0 1 0 0 1 1 1 1 1 1 0 0 1 0 0 0 0 1 1 0 0 1 1 0 1 0 0 0 0 0 0 1 1 0 0 0 0 1 0 0 1 0 0
 1 1 1 1 0 0 1 0 0 0 0 0 0 1 0 0 1 0 0 0 0 0 0 0 1 0 0 0 1 1 0 0 1 0 0 1 1 1 0 0 1 0 0 0 0 1 0 0 0 1
 0 1 0 0 0 1 1 1 1 0 1 1 1 1 1 0 0 0 0 0 1 1 0 0 1 1 1 1 0 1 1 0 0 1 1 0 0 1 1 1 0 1 0 1 0 1 1 1 1 0
 0 0 1 0 1 0 1 1 0 1 0 0 1 0 1 0 0 0 1 0 0 0 1 1 1 1 1 1 1 0 1 1 0 0 0 0 0 0 0 1 0 0 0 0 0 1 1 1 1 1
 0 0 0 0 0 0 1 1 0 1 1 0 1 1 0 1 1 0 0 0 0 1 1 0 0 1 0 0 1 1 0 1 0 0 1 0 0 1 0 1 1 0 1 0 1 0 0 0 1 1
 0 0 0 0 0 1 1 1 0 1 0 1 0 1 0 1 0 1 0 0 0 1 1 1 1 1 1 0 0 1 1 0 0 0 1 1 1 1 0 0 1 0 0 1 1 1 0 1 1 1
 0 0 1 0 0 1 0 0 0 0 0 0 1 1 1 0 1 0 0 0 0 0 0 0 1 0 0 1 0 0 0 0 0 0 0 1 0 1 1 0 1 0 1 0 1 1 0 0 1 0
 0 1 1 1 0 0 0 1 0 0 0 1 0 1 1 0 0 0 1 1 1 1 0 0 1 0 0 0 1 0 0 0 0 0 1 1 1 0 0 0 0 0 1 1 0 1 1 1 1 1
 0 0 0 0 0 0 0 1 1 0 0 1 0 0 1 0 0 0 1 0 0 0 1 0 0 0 0 0 1 0 1 1 0 1 0 0 0 0 0 0 0 0 0 0 0 0 1 0 0 0
 0 0 0 0 1 0 1 1 0 0 1 0 1 0 1 1 1 1 1 1 0 0 1 1 0 0 0 1 0 0 0 1 1 1 0 0 0 1 1 0 0 0 1 0 0 0 0 1 0 1
 0 0 1 0 1 0 1 0 0 0 1 0 0 1 0 0 1 0 0 0 0 1 0 0 1 0 0 1 0 0 0 1 0 1 0 0 0 0 1 1 1 0 1 0 0 1 1 0 1 0
 0 0 0 0 1 0 1 1 1 0 1 0 1 1 1 1 1 1 1 0 1 0 0 1 1 0 0 1 1 0 1 1 1 0 0 1 0 0 1 0 1 1 0 0 0 1 1 0 0 0
 1 1 0 0 0 0 1 0 0 1 0 0 1 0 0 0 0 1 1 1 0 0 0 1 0 0 1 0 1 0 0 0 1 0 0 1 1 1 0 0 1 0 0 0 0 1 0 0 0 1
 0 0 1 0 1 0 1 1 0 0 0 0 1 1 1 1 0 1 1 0 1 1 1 1 0 0 1 0 1 1 1 0 0 0 0 0 1 0 0 0 0 0 1 0 0 0 1 0 1 0
 0 0 1 0 0 0 0 0 1 0 1 0 0 0 0 0 0 1 0 1 0 0 1 0 1 1 0 1 0 0 1 1 1 0 0 0 1 1 1 0 0 0 0 0 0 1 1 1 0 0
 0 0 1 1 0 1 0 1 1 0 0 1 0 1 1 0 0 0 1 1 0 0 1 0 0 0 0 0 1 0 0 0 0 0 0 0 0 1 0 0 0 0 0 0 0 0 1 0 0 0
 1 0 0 0 0 1 1 0 0 0 1 0 0 0 1 0 0 1 0 1 0 0 0 0 0 1 0 0 0 0 1 0 1 1 0 1 1 0 0 1 0 0 0 1 1 0 1 1 0 0
 1 1 0 1 0 1 0 1 0 0 1 0 0 1 0 0 1 1 0 1 1 0 0 1 0 1 0 0 1 0 0 1 0 1 0 0 0 0 0 0 0 0 1 0 1 1 0 1 1 0
 1 0 1 0 0 1 1 1 0 1 1 0 0 0 0 1 0 1 0 1 1 1 0 0 0 0 1 0 0 0 1 1 1 0 0 0 0 0 0 0 0 0 1 1 0 1 1 0 1 1
 0 1 1 0 1 0 1 0 0 0 0 1 1 0 1 0 0 0 1 1 0 0 0 0 0 1 0 1 1 1 0 1 1 1 0 0 1 1 1 0 1 0 0 1 1 0 1 1 0 1
 0 0 1 0 1 0 0 0 0 0 0 0 0 0 1 1 0 0 1 1 1 0 0 1 0 1 0 0 1 1 0 0 0 1 1 0 1 1 0 1 1 1 1 0 1 1 0 0 0 0
 1 1 0 1 1 0 1 1 1 1 1 0 0 1 0 1 0 0 0 0 0 0 1 0 0 1 1 0 1 1 0 1 0 1 0 1 0 0 0 0 1 0 1 1 0 1 0 0 1 0
 0 1 1 1 0 0 0 0 0 1 1 1 0 0 0 1 1 0 1 0 1 0 0 0 0 1 0 0 1 1 1 1 1 1 0 0 1 0 0 1 0 0 0 1 1 0 0 1 0 0
 0 0 0 0 0 0 1 1 0 1 1 1 0 1 0 0 0 0 0 0 0 1 0 1 1 0 0 1 0 1 1 1 0 1 0 1 0 0 1 0 0 0 0 0 1 1 0 0 0 0
