50
   21   88  118   50   28  118  118  106   61  113   41   46  108   22   63  112   75   68   27   66   81   45   79   94   53   75   29   35  117   52   93   74  104   39   39   96   30  112   48  110   66   51   70   30   33  101   29   66  103   65
 0 1 1 1 1 1 1 0 0 1 0 1 0 0 1 0 0 1 1 0 0 0 1 1 0 0 1 1 1 0 0 0 0 0 0 0 1 1 0 0 1 0 0 1 0 0 1 1 1 1
 1 0 1 0 1 1 1 1 1 0 1 1 1 0 1 1 1 1 1 1 1 1 1 1 0 1 0 1 0 1 1 1 1 0 1 1 1 0 0 0 1 0 1 0 1 1 1 1 0 1
 1 1 0 0 1 1 1 1 1 1 0 1 0 1 1 0 1 0 0 1 1 0 0 0 1 1 0 0 1 1 0 1 0 1 1 0 0 1 1 0 1 0 0 1 1 1 0 0 1 1
 1 0 0 0 1 0 0 1 0 0 0 1 1 1 1 1 1 0 1 1 0 1 1 1 1 0 1 1 0 0 1 1 1 1 0 1 0 0 1 1 0 0 1 1 0 1 1 0 0 0
 1 1 1 1 0 1 1 1 1 1 0 1 0 1 1 0 1 0 1 1 1 0 0 1 1 0 1 1 0 1 0 1 1 1 1 1 0 0 1 0 1 0 1 1 1 1 1 0 1 1
 1 1 1 0 1 0 1 1 1 1 1 1 1 1 1 1 1 1 0 0 1 1 0 0 1 0 1 1 1 1 1 1 0 1 1 1 0 1 1 1 1 0 0 1 1 0 1 1 1 0
 1 1 1 0 1 1 0 1 0 1 1 0 0 1 0 0 1 1 0 1 0 0 1 0 0 0 0 0 0 1 1 1 1 0 0 1 1 0 1 1 0 0 1 0 1 1 1 0 0 1
 0 1 1 1 1 1 1 0 1 0 0 0 0 0 1 1 0 0 1 0 0 1 1 1 0 0 0 0 1 0 1 0 0 1 1 1 0 1 1 1 0 1 1 1 1 1 1 1 0 1
 0 1 1 0 1 1 0 1 0 1 1 1 0 0 0 0 0 0 1 0 1 1 1 0 1 1 1 1 1 1 0 1 1 1 1 1 0 1 1 0 0 0 1 0 1 0 0 0 0 1
 1 0 1 0 1 1 1 0 1 0 0 1 0 0 1 0 0 1 0 1 1 0 0 1 0 0 0 1 1 0 0 0 1 0 0 0 1 0 1 1 0 0 1 1 0 1 1 1 0 1
 0 1 0 0 0 1 1 0 1 0 0 1 0 1 1 0 1 0 1 1 0 0 1 1 0 0 1 0 0 1 1 0 1 1 0 0 1 1 1 1 1 0 1 1 0 1 0 0 0 0
 1 1 1 1 1 1 0 0 1 1 1 0 0 0 1 1 0 0 0 0 1 0 1 0 1 1 1 1 1 1 0 1 1 1 1 1 1 1 0 1 1 1 1 1 0 1 0 1 0 0
 0 1 0 1 0 1 0 0 0 0 0 0 0 1 1 0 1 1 1 0 1 1 0 1 1 1 0 1 0 1 0 0 1 1 0 1 0 0 1 1 1 0 1 1 0 1 1 1 1 0
 0 0 1 1 1 1 1 0 0 0 1 0 1 0 0 0 1 0 1 0 1 1 1 1 0 0 1 1 0 0 0 1 0 1 1 0 0 1 1 1 1 1 0 0 1 1 0 0 0 1
 1 1 1 1 1 1 0 1 0 1 1 1 1 0 0 0 0 1 1 1 1 0 1 1 1 1 0 0 0 0 1 1 1 1 0 1 1 1 0 1 1 1 0 0 1 0 1 1 1 0
 0 1 0 1 0 1 0 1 0 0 0 1 0 0 0 0 1 1 1 1 1 1 1 0 1 1 1 1 1 0 1 0 0 0 1 0 1 0 1 1 1 0 1 1 1 0 1 0 0 0
 0 1 1 1 1 1 1 0 0 0 1 0 1 1 0 1 0 1 1 0 1 0 0 0 0 1 0 1 1 1 1 0 0 0 1 1 1 1 0 1 1 1 1 1 0 0 0 1 1 1
 1 1 0 0 0 1 1 0 0 1 0 0 1 0 1 1 1 0 0 0 1 1 1 0 0 1 0 1 0 1 1 1 1 0 0 0 1 0 0 1 1 1 0 1 0 1 1 1 1 1
 1 1 0 1 1 0 0 1 1 0 1 0 1 1 1 1 1 0 0 1 1 1 1 1 1 1 0 1 0 0 1 1 1 1 1 0 1 1 1 1 1 0 1 1 0 1 1 1 1 1
 0 1 1 1 1 0 1 0 0 1 1 0 0 0 1 1 0 0 1 0 0 0 1 1 0 1 0 1 0 0 0 0 0 1 0 0 0 0 1 0 1 1 1 0 1 1 1 0 1 1
 0 1 1 0 1 1 0 0 1 1 0 1 1 1 1 1 1 1 1 0 0 1 1 1 0 0 1 1 1 1 0 1 1 1 1 0 0 0 1 0 1 1 1 1 1 1 0 1 1 1
 0 1 0 1 0 1 0 1 1 0 0 0 1 1 0 1 0 1 1 0 1 0 1 1 0 1 0 0 1 0 1 1 1 0 1 1 0 1 0 0 1 1 0 1 1 1 1 0 0 1
 1 1 0 1 0 0 1 1 1 0 1 1 0 1 1 1 0 1 1 1 1 1 0 0 0 1 0 0 1 1 0 1 0 0 1 1 0 0 1 1 0 0 0 1 0 0 1 0 0 0
 1 1 0 1 1 0 0 1 0 1 1 0 1 1 1 0 0 0 1 1 1 1 0 0 1 1 0 0 1 1 1 1 1 1 1 1 1 1 1 0 0 1 1 1 0 1 1 1 0 1
 0 0 1 1 1 1 0 0 1 0 0 1 1 0 1 1 0 0 1 0 0 0 0 1 0 1 0 1 1 1 1 0 1 1 1 1 1 0 1 0 1 1 0 0 0 1 1 0 1 0
 0 1 1 0 0 0 0 0 1 0 0 1 1 0 1 1 1 1 1 1 0 1 1 1 1 0 0 1 0 1 1 1 0 0 0 1 0 1 1 0 0 1 0 1 1 1 1 1 1 1
 1 0 0 1 1 1 0 0 1 0 1 1 0 1 0 1 0 0 0 0 1 0 0 0 0 0 0 1 1 1 1 0 0 1 1 1 0 0 0 1 1 0 1 1 1 1 1 1 0 0
 1 1 0 1 1 1 0 0 1 1 0 1 1 1 0 1 1 1 1 1 1 0 0 0 1 1 1 0 1 0 1 1 0 1 1 1 1 0 0 0 1 0 0 1 1 1 1 1 1 1
 1 0 1 0 0 1 0 1 1 1 0 1 0 0 0 1 1 0 0 0 1 1 1 1 1 0 1 1 0 1 1 1 1 1 0 1 1 0 1 1 1 0 1 1 1 0 1 1 0 1
 0 1 1 0 1 1 1 0 1 0 1 1 1 0 0 0 1 1 0 0 1 0 1 1 1 1 1 0 1 0 0 1 1 0 0 1 0 0 1 1 1 1 1 1 1 1 0 0 1 0
 0 1 0 1 0 1 1 1 0 0 1 0 0 0 1 1 1 1 1 0 0 1 0 1 1 1 1 1 1 0 0 0 0 1 1 1 1 1 0 1 1 1 1 0 1 0 1 0 1 0
 0 1 1 1 1 1 1 0 1 0 0 1 0 1 1 0 0 1 1 0 1 1 1 1 0 1 0 1 1 1 0 0 1 1 1 0 0 1 0 1 0 1 1 1 0 1 1 1 0 0
 0 1 0 1 1 0 1 0 1 1 1 1 1 0 1 0 0 1 1 0 1 1 0 1 1 0 0 0 1 1 0 1 0 0 0 0 0 0 0 1 0 0 1 0 1 1 0 1 1 1
 0 0 1 1 1 1 0 1 1 0 1 1 1 1 1 0 0 0 1 1 1 0 0 1 1 0 1 1 1 0 1 1 0 0 0 1 1 1 1 1 1 1 1 0 0 0 1 1 1 1
 0 1 1 0 1 1 0 1 1 0 0 1 0 1 0 1 1 0 1 0 1 1 1 1 1 0 1 1 0 0 1 1 0 0 0 0 1 0 0 1 0 0 1 0 1 1 1 1 1 1
 0 1 0 1 1 1 1 1 1 0 0 1 1 0 1 0 1 0 0 0 0 1 1 1 1 1 1 1 1 1 1 0 0 1 0 0 0 1 1 1 1 0 1 1 1 0 0 1 1 1
 1 1 0 0 0 0 1 0 0 1 1 1 0 0 1 1 1 1 1 0 0 0 0 1 1 0 0 1 1 0 1 0 0 1 1 0 0 1 1 0 1 1 1 1 0 1 0 1 0 1
 1 0 1 0 0 1 0 1 1 0 1 1 0 1 1 0 1 0 1 0 0 1 0 1 0 1 0 0 0 0 1 1 0 1 0 1 1 0 1 1 1 0 1 1 1 0 1 0 1 1
 0 0 1 1 1 1 1 1 1 1 1 0 1 1 0 1 0 0 1 1 1 0 1 1 1 1 0 0 1 1 0 0 0 1 0 1 1 1 0 0 1 0 0 0 1 1 1 0 1 1
 0 0 0 1 0 1 1 1 0 1 1 1 1 1 1 1 1 1 1 0 0 0 1 0 0 0 1 0 1 1 1 1 1 1 1 1 0 1 0 0 1 1 1 0 1 1 1 1 0 1
 1 1 1 0 1 1 0 0 0 0 1 1 1 1 1 1 1 1 1 1 1 1 0 0 1 0 1 1 1 1 1 0 0 1 0 1 1 1 1 1 0 1 1 0 1 1 1 0 1 1
 0 0 0 0 0 0 0 1 0 0 0 1 0 1 1 0 1 1 0 1 1 1 0 1 1 1 0 0 0 1 1 1 0 1 0 0 1 0 0 1 1 0 0 0 1 1 0 0 1 0
 0 1 0 1 1 0 1 1 1 1 1 1 1 0 0 1 1 0 1 1 1 0 0 1 0 0 1 0 1 1 1 1 1 1 1 1 1 1 0 1 1 0 0 0 1 1 1 0 1 1
 1 0 1 1 1 1 0 1 0 1 1 1 1 0 0 1 1 1 1 0 1 1 1 1 0 1 1 1 1 1 0 1 0 0 0 1 1 1 0 0 0 0 0 0 1 1 1 0 1 1
 0 1 1 0 1 1 1 1 1 0 0 0 0 1 1 1 0 0 0 1 1 1 0 0 0 1 1 1 1 1 1 0 1 0 1 1 0 1 1 1 1 1 1 1 0 1 1 1 0 1
 0 1 1 1 1 0 1 1 0 1 1 1 1 1 0 0 0 1 1 1 1 1 0 1 1 1 1 1 0 1 0 1 1 0 1 0 1 0 1 1 1 1 1 1 1 0 0 0 1 0
 1 1 0 1 1 1 1 1 0 1 0 0 1 0 1 1 0 1 1 1 0 1 1 1 1 1 1 1 1 0 1 1 0 1 1 0 0 1 1 1 1 0 1 1 1 0 0 0 1 1
 1 1 0 0 0 1 0 1 0 1 0 1 1 0 1 0 1 1 1 0 1 0 0 1 0 1 1 1 1 0 0 1 1 1 1 1 1 0 0 1 0 0 0 0 1 0 0 0 0 1
 1 0 1 0 1 1 0 0 0 0 0 0 1 0 1 0 1 1 1 1 1 0 0 0 1 1 0 1 0 1 1 0 1 1 1 1 0 1 1 0 1 1 1 1 0 1 1 0 0 0
 1 1 1 0 1 0 1 1 1 1 0 0 0 1 0 0 1 1 1 1 1 1 0 1 0 1 0 1 1 0 0 0 1 1 1 1 1 1 1 1 1 0 1 1 1 0 1 1 0 0
