50
   22   27   44  100   76   77   72   53   69   26   37   37   84   62   23   55   55  109   25   88   29   82   63   79  108   27   66   46   63   58   55  120   37   60   22   59   35   36  101   54   54   69   30   72   80   98   25   43   71   97
 0 1 0 1 1 0 1 1 0 1 1 0 1 1 1 0 0 1 1 0 0 1 0 1 0 0 1 0 0 1 0 0 0 0 0 1 1 1 0 0 0 0 1 0 1 0 0 0 1 1
 1 0 1 1 0 1 0 0 1 0 1 1 1 0 1 1 1 1 0 0 0 1 0 1 0 1 0 0 1 0 0 1 0 1 0 1 1 0 1 0 1 1 0 0 0 1 1 1 1 0
 0 1 0 1 0 1 0 1 0 1 0 0 0 0 0 0 0 1 1 0 1 1 0 1 1 1 0 1 1 0 0 1 0 0 0 1 1 1 1 1 0 1 1 0 0 1 0 1 1 1
 1 1 1 0 1 0 1 0 1 1 1 1 1 1 1 0 1 1 0 0 1 0 0 1 1 0 0 0 1 1 0 0 1 0 1 0 0 0 0 1 1 1 1 0 0 1 1 1 1 1
 1 0 0 1 0 1 1 0 1 0 0 1 0 1 0 0 1 1 1 0 1 1 0 1 1 0 0 1 1 1 1 0 1 0 1 1 1 1 0 1 1 0 1 0 1 1 1 0 1 1
 0 1 1 0 1 0 1 1 0 0 1 0 1 0 1 1 1 1 0 1 0 1 0 1 0 0 0 0 0 0 1 1 1 0 0 0 1 0 1 1 1 1 1 1 1 1 0 1 1 1
 1 0 0 1 1 1 0 1 0 1 1 0 1 1 1 1 1 0 1 1 0 0 1 1 0 1 1 1 0 0 1 1 0 0 1 1 1 1 0 1 0 0 0 0 1 1 1 0 1 1
 1 0 1 0 0 1 1 0 0 0 1 0 0 1 1 1 1 1 1 1 1 0 0 1 1 0 1 0 0 0 1 0 1 1 1 0 1 1 1 1 1 1 0 0 1 1 0 1 0 0
 0 1 0 1 1 0 0 0 0 0 1 1 1 1 0 0 0 1 1 0 1 1 0 1 1 1 1 1 1 1 0 1 1 0 1 0 0 1 1 0 1 1 1 0 1 0 1 1 1 1
 1 0 1 1 0 0 1 0 0 0 0 1 0 1 1 0 1 0 1 0 1 0 1 1 1 0 1 1 1 1 1 0 1 0 0 1 1 1 1 0 0 1 0 0 1 0 1 0 1 1
 1 1 0 1 0 1 1 1 1 0 0 0 1 1 1 1 0 0 0 0 1 1 1 0 1 1 1 1 1 1 1 0 1 1 1 1 1 1 0 0 0 1 1 0 0 0 1 1 1 1
 0 1 0 1 1 0 0 0 1 1 0 0 1 0 0 1 1 0 1 1 1 1 1 1 1 1 1 0 1 0 1 0 0 0 0 1 0 0 0 0 1 1 1 0 1 1 1 1 1 0
 1 1 0 1 0 1 1 0 1 0 1 1 0 0 1 1 0 1 0 1 1 1 1 1 0 1 1 0 1 0 1 1 0 1 1 0 1 1 1 0 1 0 0 1 1 0 1 1 0 1
 1 0 0 1 1 0 1 1 1 1 1 0 0 0 1 1 1 0 1 1 0 0 1 0 1 0 1 1 1 1 1 1 1 1 1 0 1 0 0 0 1 0 1 0 1 1 1 1 0 0
 1 1 0 1 0 1 1 1 0 1 1 0 1 1 0 1 0 1 1 1 1 1 1 0 1 1 0 1 0 0 1 0 1 1 0 0 1 1 0 1 0 1 1 0 1 0 1 1 1 1
 0 1 0 0 0 1 1 1 0 0 1 1 1 1 1 0 0 1 0 1 0 0 0 1 0 0 0 0 1 0 1 1 1 1 1 1 1 1 1 1 1 0 0 1 0 1 1 1 1 1
 0 1 0 1 1 1 1 1 0 1 0 1 0 1 0 0 0 1 1 0 0 1 0 0 1 1 1 1 0 0 0 1 1 1 1 1 1 1 0 1 1 0 0 1 0 0 1 0 1 0
 1 1 1 1 1 1 0 1 1 0 0 0 1 0 1 1 1 0 0 1 0 0 0 1 1 0 1 1 1 1 1 0 1 1 1 1 0 0 1 1 1 1 1 0 0 0 1 1 1 1
 1 0 1 0 1 0 1 1 1 1 0 1 0 1 1 0 1 0 0 1 1 0 0 1 1 1 0 1 0 1 1 1 0 1 1 0 1 0 1 0 1 1 1 0 1 1 1 1 1 1
 0 0 0 0 0 1 1 1 0 0 0 1 1 1 1 1 0 1 1 0 0 0 1 0 1 1 1 1 0 1 1 1 1 1 0 0 0 1 1 0 1 1 1 0 1 0 1 0 1 0
 0 0 1 1 1 0 0 1 1 1 1 1 1 0 1 0 0 0 1 0 0 0 0 0 1 1 1 1 1 1 1 1 1 1 1 1 0 1 1 0 1 1 1 1 1 0 0 1 1 1
 1 1 1 0 1 1 0 0 1 0 1 1 1 0 1 0 1 0 0 0 0 0 0 0 1 0 1 1 1 1 0 1 1 0 1 1 1 0 1 0 0 1 1 1 1 0 1 1 1 0
 0 0 0 0 0 0 1 0 0 1 1 1 1 1 1 0 0 0 0 1 0 0 0 1 1 1 1 1 0 1 1 1 1 1 0 1 1 0 0 1 1 1 1 1 1 1 0 1 1 1
 1 1 1 1 1 1 1 1 1 1 0 1 1 0 0 1 0 1 1 0 0 0 1 0 0 0 1 0 1 1 1 1 1 0 1 0 1 0 0 0 0 1 1 1 1 1 0 0 1 1
 0 0 1 1 1 0 0 1 1 1 1 1 0 1 1 0 1 1 1 1 1 1 1 0 0 1 1 0 1 0 0 1 0 0 1 0 1 0 1 0 0 0 0 1 1 0 1 0 0 0
 0 1 1 0 0 0 1 0 1 0 1 1 1 0 1 0 1 0 1 1 1 0 1 0 1 0 1 1 1 1 1 1 1 0 1 1 1 1 0 0 0 1 0 0 1 1 1 0 0 1
 1 0 0 0 0 0 1 1 1 1 1 1 1 1 0 0 1 1 0 1 1 1 1 1 1 1 0 1 1 0 1 0 1 0 0 0 0 1 0 1 0 1 1 0 0 1 1 1 0 1
 0 0 1 0 1 0 1 0 1 1 1 0 0 1 1 0 1 1 1 1 1 1 1 0 0 1 1 0 1 0 0 1 1 0 1 0 1 0 1 1 1 1 1 0 1 0 1 0 1 0
 0 1 1 1 1 0 0 0 1 1 1 1 1 1 0 1 0 1 0 0 1 1 0 1 1 1 1 1 0 1 1 0 0 0 0 0 1 0 1 1 0 1 1 0 1 0 0 1 1 1
 1 0 0 1 1 0 0 0 1 1 1 0 0 1 0 0 0 1 1 1 1 1 1 1 0 1 0 0 1 0 1 1 1 1 1 1 1 0 1 1 0 0 1 1 0 1 0 1 1 1
 0 0 0 0 1 1 1 1 0 1 1 1 1 1 1 1 0 1 1 1 1 0 1 1 0 1 1 0 1 1 0 0 0 0 0 1 1 0 1 1 0 1 1 1 1 1 1 0 1 0
 0 1 1 0 0 1 1 0 1 0 0 0 1 1 0 1 1 0 1 1 1 1 1 1 1 1 0 1 0 1 0 0 1 0 1 0 0 1 0 1 0 0 0 1 1 1 1 1 1 1
 0 0 0 1 1 1 0 1 1 1 1 0 0 1 1 1 1 1 0 1 1 1 1 1 0 1 1 1 0 1 0 1 0 0 1 0 1 0 0 0 1 1 0 1 0 1 1 0 1 0
 0 1 0 0 0 0 0 1 0 0 1 0 1 1 1 1 1 1 1 1 1 0 1 0 0 0 0 0 0 1 0 0 0 0 1 1 0 1 1 0 0 1 1 1 1 0 1 1 1 0
 0 0 0 1 1 0 1 1 1 0 1 0 1 1 0 1 1 1 1 0 1 1 0 1 1 1 0 1 0 1 0 1 1 1 0 0 1 1 0 0 1 0 1 1 1 1 0 1 1 1
 1 1 1 0 1 0 1 0 0 1 1 1 0 0 0 1 1 1 0 0 1 1 1 0 0 1 0 0 0 1 1 0 0 1 0 0 0 0 1 0 0 0 1 1 1 0 1 0 1 0
 1 1 1 0 1 1 1 1 0 1 1 0 1 1 1 1 1 0 1 0 0 1 1 1 1 1 0 1 1 1 1 0 1 0 1 0 0 1 1 0 1 1 0 0 1 0 0 0 0 1
 1 0 1 0 1 0 1 1 1 1 1 0 1 0 1 1 1 0 0 1 1 0 0 0 0 1 1 0 0 0 0 1 0 1 1 0 1 0 0 0 1 1 1 1 1 0 1 1 1 1
 0 1 1 0 0 1 0 1 1 1 0 0 1 0 0 1 0 1 1 1 1 1 0 0 1 0 0 1 1 1 1 0 0 1 0 1 1 0 0 0 1 1 1 0 1 1 1 1 1 0
 0 0 1 1 1 1 1 1 0 0 0 0 0 0 1 1 1 1 0 0 0 0 1 0 0 0 1 1 1 1 1 1 0 0 0 0 0 0 0 0 1 0 1 1 0 0 1 0 1 1
 0 1 0 1 1 1 0 1 1 0 0 1 1 1 0 1 1 1 1 1 1 0 1 0 0 0 0 1 0 0 0 0 1 0 1 0 1 1 1 1 0 1 1 0 1 1 1 1 1 1
 0 1 1 1 0 1 0 1 1 1 1 1 0 0 1 0 0 1 1 1 1 1 1 1 0 1 1 1 1 0 1 0 1 1 0 0 1 1 1 0 1 0 0 1 1 1 0 0 1 1
 1 0 1 1 1 1 0 0 1 0 1 1 0 1 1 0 0 1 1 1 1 1 1 1 0 0 1 1 1 1 1 0 0 1 1 1 0 1 1 1 1 0 0 1 1 1 1 0 0 0
 0 0 0 0 0 1 0 0 0 0 0 0 1 0 0 1 1 0 0 0 1 1 1 1 1 0 0 0 0 1 1 1 1 1 1 1 0 1 0 1 0 1 1 0 1 0 1 1 0 1
 1 0 0 0 1 1 1 1 1 1 0 1 1 1 1 0 0 0 1 1 1 1 1 1 1 1 0 1 1 0 1 1 0 1 1 1 1 1 1 0 1 1 1 1 0 1 1 0 0 1
 0 1 1 1 1 1 1 1 0 0 0 1 0 1 0 1 0 0 1 0 0 0 1 1 0 1 1 0 0 1 1 1 1 0 1 0 0 0 1 0 1 1 1 0 1 0 0 1 0 1
 0 1 0 1 1 0 1 0 1 1 1 1 1 1 1 1 1 1 1 1 0 1 0 0 1 1 1 1 0 0 1 1 1 1 0 1 0 1 1 1 1 0 1 1 1 0 0 0 1 1
 0 1 1 1 0 1 0 1 1 0 1 1 1 1 1 1 0 1 1 0 1 1 1 0 0 0 1 0 1 1 0 1 0 1 1 0 0 1 1 0 1 0 0 1 0 1 0 0 1 0
 1 1 1 1 1 1 1 0 1 1 1 1 0 0 1 1 1 1 1 1 1 1 1 1 0 0 0 1 1 1 1 1 1 1 1 1 0 1 1 1 1 1 0 0 0 0 1 1 0 1
 1 0 1 1 1 1 1 0 1 1 1 0 1 0 1 1 0 1 1 0 1 0 1 1 0 1 1 0 1 1 0 1 0 0 1 0 1 1 0 1 1 1 0 1 1 1 1 0 1 0
