50
  764  241  653  298  449 1031  239  414  363  369  565  494  530  328  470  717  541  885  106  765  661  543    2  605  177  500  879  615  744  622   29  466  700 1349  315   25    5  928  775  351 1052  282  566  191  322  213  235  215  437  230
 0 0 0 0 1 1 0 1 1 1 1 1 0 1 1 0 1 0 0 1 0 0 0 0 1 0 0 1 1 1 1 1 1 1 1 1 0 1 0 0 1 1 1 0 1 0 1 1 0 1
 0 0 1 0 1 0 1 1 1 1 0 1 1 1 0 0 1 1 1 1 1 1 1 1 0 1 1 0 1 1 0 1 0 1 1 1 1 1 0 1 1 0 1 1 1 1 0 1 1 1
 0 1 0 0 0 1 0 1 0 0 0 1 0 0 1 0 0 1 1 0 1 0 1 1 0 1 1 1 1 1 1 0 1 1 1 0 0 1 1 1 0 1 1 0 1 0 0 0 0 1
 0 0 0 0 0 1 1 0 1 1 1 1 0 1 0 1 0 1 1 1 0 0 1 1 0 1 1 1 0 0 1 0 1 1 1 0 0 1 1 1 0 0 1 0 1 0 0 1 1 0
 1 1 0 0 0 1 1 0 0 0 1 1 1 0 0 1 1 1 0 1 0 0 0 0 0 1 1 0 1 1 0 0 1 1 1 0 0 0 1 0 1 0 0 1 1 0 0 0 1 0
 1 0 1 1 1 0 1 1 0 1 1 0 1 0 0 1 0 1 0 1 1 0 1 1 0 1 1 1 1 1 0 1 1 0 1 1 1 1 1 0 1 0 1 0 1 1 0 1 1 1
 0 1 0 1 1 1 0 0 0 1 0 1 0 0 1 1 1 1 1 0 1 1 0 1 1 0 0 1 0 1 1 1 0 1 1 1 0 1 1 1 1 1 0 0 1 1 1 0 0 1
 1 1 1 0 0 1 0 0 0 0 1 0 0 0 0 1 0 0 1 1 0 1 1 1 1 1 1 1 0 1 0 0 0 1 0 0 1 1 1 0 0 0 1 0 0 1 1 0 0 0
 1 1 0 1 0 0 0 0 0 1 0 0 0 0 1 0 1 0 1 1 1 0 1 1 1 0 1 1 1 1 1 1 1 1 1 1 1 1 0 0 1 1 1 1 1 1 1 1 0 0
 1 1 0 1 0 1 1 0 1 0 0 1 1 0 1 0 0 1 1 1 0 1 1 0 1 1 0 1 1 0 1 1 1 0 1 0 0 0 0 1 0 1 0 1 1 0 0 0 1 0
 1 0 0 1 1 1 0 1 0 0 0 0 1 0 1 1 1 1 1 1 1 0 1 1 0 1 1 1 1 1 1 0 0 1 0 1 0 1 1 1 1 0 1 1 1 1 1 0 0 1
 1 1 1 1 1 0 1 0 0 1 0 0 1 1 0 0 0 1 0 1 0 1 1 0 1 1 1 1 1 1 0 1 0 1 0 1 0 1 0 0 1 1 1 1 1 1 0 1 0 1
 0 1 0 0 1 1 0 0 0 1 1 1 0 0 0 1 1 0 0 0 1 0 0 1 1 1 1 0 1 1 1 0 0 1 0 1 0 0 0 0 1 1 0 0 1 1 1 1 0 0
 1 1 0 1 0 0 0 0 0 0 0 1 0 0 1 0 1 0 1 0 1 1 0 1 1 1 0 1 0 0 1 0 0 1 1 1 1 1 0 1 0 0 1 1 0 0 0 1 1 1
 1 0 1 0 0 0 1 0 1 1 1 0 0 1 0 1 1 0 0 1 0 0 0 1 1 1 0 1 1 1 0 1 1 1 1 1 0 1 1 0 0 1 0 1 0 0 0 1 1 1
 0 0 0 1 1 1 1 1 0 0 1 0 1 0 1 0 1 0 1 1 0 0 1 0 0 1 1 0 1 0 1 1 0 1 0 0 0 1 0 1 1 1 0 1 1 1 0 0 1 1
 1 1 0 0 1 0 1 0 1 0 1 0 1 1 1 1 0 0 0 0 1 0 0 0 1 0 1 0 0 0 1 0 1 1 0 1 0 1 0 0 0 0 1 1 1 1 1 1 1 1
 0 1 1 1 1 1 1 0 0 1 1 1 0 0 0 0 0 0 1 0 0 1 0 0 1 1 1 1 1 1 1 1 1 1 0 1 0 1 1 0 1 1 1 0 0 1 1 1 1 1
 0 1 1 1 0 0 1 1 1 1 1 0 0 1 0 1 0 1 0 1 0 1 1 1 1 0 1 1 1 1 1 0 1 1 1 1 1 1 1 0 1 0 0 1 1 1 0 0 0 0
 1 1 0 1 1 1 0 1 1 1 1 1 0 0 1 1 0 0 1 0 1 1 0 1 1 1 1 1 0 1 0 1 0 1 0 0 1 1 1 1 1 0 0 1 1 0 0 1 1 0
 0 1 1 0 0 1 1 0 1 0 1 0 1 1 0 0 1 0 0 1 0 1 0 1 0 0 0 1 0 0 0 1 1 1 1 1 0 1 1 1 1 1 1 1 0 1 0 1 0 1
 0 1 0 0 0 0 1 1 0 1 0 1 0 1 0 0 0 1 1 1 1 0 0 0 1 1 1 1 1 1 0 1 1 1 1 1 1 1 1 0 1 0 0 0 0 0 0 1 1 1
 0 1 1 1 0 1 0 1 1 1 1 1 0 0 0 1 0 0 1 0 0 0 0 1 0 0 1 0 0 0 0 1 0 1 1 0 1 0 0 1 0 1 1 0 1 0 0 1 1 1
 0 1 1 1 0 1 1 1 1 0 1 0 1 1 1 0 0 0 1 1 1 0 1 0 1 0 1 1 0 0 1 1 0 1 0 1 0 1 0 1 0 0 1 0 1 1 1 1 0 1
 1 0 0 0 0 0 1 1 1 1 0 1 1 1 1 0 1 1 1 1 0 1 0 1 0 0 1 1 1 0 1 0 1 1 1 1 1 1 1 0 1 1 0 1 0 1 1 0 0 1
 0 1 1 1 1 1 0 1 0 1 1 1 1 1 1 1 0 1 0 1 0 1 0 0 0 0 1 0 1 1 1 0 1 1 1 0 0 0 1 1 1 1 1 0 1 1 0 1 1 0
 0 1 1 1 1 1 0 1 1 0 1 1 1 0 0 1 1 1 1 1 0 1 1 1 1 1 0 1 1 1 0 0 0 1 0 0 1 1 1 1 1 1 0 1 1 1 0 0 0 1
 1 0 1 1 0 1 1 1 1 1 1 1 0 1 1 0 0 1 1 1 1 1 0 1 1 0 1 0 0 0 0 1 1 0 1 1 1 1 1 1 1 1 0 1 1 1 1 1 1 1
 1 1 1 0 1 1 0 0 1 1 1 1 1 0 1 1 0 1 1 0 0 1 0 0 1 1 1 0 0 1 1 1 1 1 1 1 0 0 1 1 0 0 1 1 0 0 1 0 1 0
 1 1 1 0 1 1 1 1 1 0 1 1 1 0 1 0 0 1 1 1 0 1 0 0 0 1 1 0 1 0 1 0 0 1 1 1 1 1 0 1 0 0 1 0 0 1 1 0 1 1
 1 0 1 1 0 0 1 0 1 1 1 0 1 1 0 1 1 1 1 0 0 0 0 1 1 1 0 0 1 1 0 1 0 1 0 0 1 1 1 0 1 0 1 1 0 1 1 1 1 1
 1 1 0 0 0 1 1 0 1 1 0 1 0 0 1 1 0 1 0 1 1 1 1 1 0 0 0 1 1 0 1 0 1 1 0 0 0 0 1 1 1 1 1 0 0 0 0 0 1 0
 1 0 1 1 1 1 0 0 1 1 0 0 0 0 1 0 1 1 1 0 1 1 0 0 1 1 0 1 1 0 0 1 0 1 1 0 0 1 1 1 1 1 1 1 0 1 1 1 1 0
 1 1 1 1 1 0 1 1 1 0 1 1 1 1 1 1 1 1 1 1 1 1 1 1 1 1 1 0 1 1 1 1 1 0 1 1 1 1 1 1 1 0 1 1 1 0 1 0 0 1
 1 1 1 1 1 1 1 0 1 1 0 0 0 1 1 0 0 0 1 0 1 1 1 0 1 1 0 1 1 1 0 0 1 1 0 1 0 1 1 1 1 1 1 0 1 1 1 1 0 1
 1 1 0 0 0 1 1 0 1 0 1 1 1 1 1 0 1 1 1 0 1 1 0 1 1 0 0 1 1 1 0 0 0 1 1 0 0 0 1 1 1 0 0 1 1 0 0 1 0 1
 0 1 0 0 0 1 0 1 1 0 0 0 0 1 0 0 0 0 1 1 0 1 1 0 1 0 1 1 0 1 1 0 0 1 0 0 0 1 0 1 1 1 1 1 1 1 1 0 1 1
 1 1 1 1 0 1 1 1 1 0 1 1 0 1 1 1 1 1 1 1 1 1 0 1 1 0 1 1 0 1 1 0 1 1 1 0 1 0 0 0 0 1 1 1 0 1 1 0 0 0
 0 0 1 1 1 1 1 1 0 0 1 0 0 0 1 0 0 1 1 1 1 1 0 0 1 1 1 1 1 0 1 1 1 1 1 1 0 0 0 1 1 0 1 0 0 1 1 1 1 1
 0 1 1 1 0 0 1 0 0 1 1 0 0 1 0 1 0 0 0 1 1 0 1 1 0 1 1 1 1 1 0 1 1 1 1 1 1 0 1 0 0 1 0 1 1 1 1 0 1 1
 1 1 0 0 1 1 1 0 1 0 1 1 1 0 0 1 0 1 1 1 1 1 0 0 1 1 1 1 0 0 1 1 1 1 1 1 1 0 1 0 0 1 1 0 1 1 0 1 0 1
 1 0 1 0 0 0 1 0 1 1 0 1 1 0 1 1 0 1 0 0 1 0 1 0 1 1 1 1 0 0 0 1 1 0 1 0 1 1 0 1 1 0 1 1 1 0 0 0 1 1
 1 1 1 1 0 1 0 1 1 0 1 1 0 1 0 0 1 1 0 0 1 0 1 1 0 1 0 0 1 1 1 1 1 1 1 0 1 1 1 0 1 1 0 1 0 0 0 0 0 1
 0 1 0 0 1 0 0 0 1 1 1 1 0 1 1 1 1 0 1 1 1 0 0 0 1 0 1 1 1 0 1 0 1 1 0 1 1 1 0 1 0 1 1 0 1 1 1 1 0 1
 1 1 1 1 1 1 1 0 1 1 1 1 1 0 0 1 1 0 1 1 0 0 1 1 0 1 1 1 0 0 0 0 0 1 1 1 1 0 0 1 1 1 0 1 0 1 1 1 1 0
 0 1 0 0 0 1 1 1 1 0 1 1 1 0 0 1 1 1 1 0 1 0 0 1 1 1 1 1 0 1 1 0 1 0 1 0 1 1 1 1 1 0 0 1 1 0 1 1 0 0
 1 0 0 0 0 0 1 1 1 0 1 0 1 0 0 0 1 1 0 0 0 0 0 1 1 0 0 1 1 1 1 0 1 1 1 0 1 1 1 1 0 0 0 1 1 1 0 0 1 0
 1 1 0 1 0 1 0 0 1 0 0 1 1 1 1 0 1 1 0 1 1 1 1 1 0 1 0 1 0 0 1 0 1 0 1 1 0 0 1 0 1 0 0 1 1 1 0 0 1 0
 0 1 0 1 1 1 0 0 0 1 0 0 0 1 1 1 1 1 0 1 0 1 1 0 0 1 0 1 1 1 1 1 1 0 0 0 1 0 1 1 0 1 0 0 1 0 1 1 0 1
 1 1 1 0 0 1 1 0 0 0 1 1 0 1 1 1 1 1 0 0 1 1 1 1 1 0 1 1 0 1 1 0 0 1 1 1 1 0 1 1 1 1 1 1 0 0 0 0 1 0
