50
   41   70  110   55   48   56  101   43   79  102  119   80   94   36   41  114  106   72  114  106   64   82   96  104   37   32   91   41   95   21   52   20   98   99   66   51   80   29   60   81  117   54   73   64   27  109   60  111   93   47
 0 1 0 1 0 0 1 0 0 0 0 0 0 1 0 0 0 0 1 0 1 1 1 1 0 0 0 0 0 0 1 0 0 0 1 0 0 1 0 0 0 0 0 1 0 1 1 0 1 1
 1 0 1 0 1 1 0 1 1 0 0 0 1 0 0 1 1 0 1 0 0 1 1 1 0 0 0 0 0 0 0 1 1 1 0 0 0 1 1 1 0 1 0 0 1 0 1 0 1 0
 0 1 0 0 0 0 0 1 0 0 0 1 0 0 1 1 1 0 0 0 0 1 0 0 1 0 1 0 0 0 0 1 1 1 0 0 0 1 0 1 1 0 0 1 1 0 1 0 1 0
 1 0 0 0 0 0 0 1 0 0 0 0 1 0 1 0 0 1 0 0 0 1 0 1 0 1 1 1 1 0 0 1 1 0 1 0 0 0 0 1 0 1 1 0 0 0 0 1 1 1
 0 1 0 0 0 1 0 0 0 0 0 0 1 0 0 1 1 0 0 1 0 0 1 0 1 0 1 0 0 0 0 1 0 0 0 0 1 0 0 1 0 1 1 1 0 1 0 0 0 1
 0 1 0 0 1 0 0 0 0 1 1 0 0 0 0 0 1 0 1 1 0 0 0 0 0 1 1 1 0 1 0 1 0 0 0 1 1 0 0 0 1 0 0 0 1 0 1 0 0 0
 1 0 0 0 0 0 0 1 1 1 0 0 1 1 0 0 1 0 1 1 0 0 1 0 0 0 0 0 1 1 1 1 1 1 0 1 0 0 1 0 0 1 0 0 1 0 0 0 1 1
 0 1 1 1 0 0 1 0 1 0 0 0 0 1 1 1 0 0 1 0 1 0 0 0 0 1 1 0 0 1 1 0 0 1 0 0 0 1 1 1 0 1 1 0 0 0 0 1 0 0
 0 1 0 0 0 0 1 1 0 1 0 0 1 1 1 1 0 0 0 0 1 0 0 0 0 0 0 0 0 0 0 1 1 1 0 0 0 1 0 0 0 0 1 1 1 1 1 1 0 0
 0 0 0 0 0 1 1 0 1 0 0 1 1 1 1 1 1 0 1 1 0 0 0 1 0 0 1 1 1 0 0 0 0 0 0 1 1 0 1 0 1 1 1 0 0 0 1 1 0 0
 0 0 0 0 0 1 0 0 0 0 0 1 1 1 0 1 0 0 1 0 1 1 1 0 1 1 1 0 0 0 1 1 0 0 0 0 0 0 1 0 1 0 0 0 0 0 0 0 0 0
 0 0 1 0 0 0 0 0 0 1 1 0 0 0 0 1 1 0 0 0 0 0 0 0 0 0 0 0 0 0 0 0 0 0 1 0 1 0 0 0 0 0 0 0 0 0 0 0 1 1
 0 1 0 1 1 0 1 0 1 1 1 0 0 0 0 1 1 1 1 1 1 1 1 0 0 1 1 1 0 1 1 0 1 0 0 0 1 0 1 1 1 1 1 0 0 0 1 0 0 1
 1 0 0 0 0 0 1 1 1 1 1 0 0 0 1 1 1 0 0 1 1 0 0 0 1 0 0 0 1 0 1 1 0 0 0 0 1 0 0 1 0 1 0 0 0 1 0 0 0 0
 0 0 1 1 0 0 0 1 1 1 0 0 0 1 0 0 1 0 0 0 1 1 0 1 0 0 0 0 0 0 0 1 0 0 0 0 1 1 0 0 0 0 0 0 1 0 1 1 1 0
 0 1 1 0 1 0 0 1 1 1 1 1 1 1 0 0 0 1 1 0 0 1 0 1 1 1 1 0 0 1 0 0 1 0 1 1 1 1 0 0 0 0 1 0 1 0 0 1 1 0
 0 1 1 0 1 1 1 0 0 1 0 1 1 1 1 0 0 0 0 0 0 0 1 0 0 1 1 1 0 0 1 1 1 1 1 0 0 0 1 1 0 0 0 0 1 0 1 0 0 0
 0 0 0 1 0 0 0 0 0 0 0 0 1 0 0 1 0 0 1 1 1 0 0 1 0 0 1 0 0 0 1 0 0 0 0 0 1 0 1 1 1 1 1 0 0 0 0 1 1 0
 1 1 0 0 0 1 1 1 0 1 1 0 1 0 0 1 0 1 0 1 1 0 0 0 1 1 0 1 1 0 0 0 0 0 0 0 0 0 1 0 0 1 0 0 0 0 1 1 0 1
 0 0 0 0 1 1 1 0 0 1 0 0 1 1 0 0 0 1 1 0 0 0 0 0 1 1 0 0 0 1 0 0 1 1 0 0 1 0 1 1 1 0 0 1 1 1 1 0 1 0
 1 0 0 0 0 0 0 1 1 0 1 0 1 1 1 0 0 1 1 0 0 1 1 0 0 0 0 1 0 0 1 1 1 1 0 1 1 0 0 0 1 0 1 1 1 0 1 1 1 0
 1 1 1 1 0 0 0 0 0 0 1 0 1 0 1 1 0 0 0 0 1 0 0 0 0 1 0 0 1 0 0 0 1 0 1 0 0 1 1 0 0 1 1 0 1 0 1 1 1 1
 1 1 0 0 1 0 1 0 0 0 1 0 1 0 0 0 1 0 0 0 1 0 0 0 0 1 0 1 0 0 0 0 0 1 1 1 1 0 0 0 1 0 1 0 1 1 1 1 0 0
 1 1 0 1 0 0 0 0 0 1 0 0 0 0 1 1 0 1 0 0 0 0 0 0 0 0 0 0 1 0 0 1 1 0 1 0 0 1 1 1 0 0 0 1 0 1 1 0 0 1
 0 0 1 0 1 0 0 0 0 0 1 0 0 1 0 1 0 0 1 1 0 0 0 0 0 1 0 0 1 0 0 1 0 0 0 1 0 0 0 0 0 0 1 0 1 1 1 0 0 1
 0 0 0 1 0 1 0 1 0 0 1 0 1 0 0 1 1 0 1 1 0 1 1 0 1 0 0 0 1 0 0 1 0 1 0 1 0 0 0 0 1 1 0 0 0 1 1 0 0 1
 0 0 1 1 1 1 0 1 0 1 1 0 1 0 0 1 1 1 0 0 0 0 0 0 0 0 0 0 0 0 1 0 1 1 1 1 0 1 0 1 1 0 0 0 0 0 1 0 0 0
 0 0 0 1 0 1 0 0 0 1 0 0 1 0 0 0 1 0 1 0 1 0 1 0 0 0 0 0 0 1 1 1 1 0 0 0 1 1 0 1 0 0 0 1 1 0 0 0 1 0
 0 0 0 1 0 0 1 0 0 1 0 0 0 1 0 0 0 0 1 0 0 1 0 1 1 1 0 0 0 0 0 0 0 1 1 0 1 1 0 0 1 1 0 1 0 1 0 0 1 0
 0 0 0 0 0 1 1 1 0 0 0 0 1 0 0 1 0 0 0 1 0 0 0 0 0 0 0 1 0 0 0 1 0 1 0 0 0 0 0 0 0 1 0 1 0 0 1 0 1 0
 1 0 0 0 0 0 1 1 0 0 1 0 1 1 0 0 1 1 0 0 1 0 0 0 0 0 1 1 0 0 0 1 0 0 1 1 1 0 1 0 1 0 1 1 0 0 0 0 0 0
 0 1 1 1 1 1 1 0 1 0 1 0 0 1 1 0 1 0 0 0 1 0 0 1 1 1 0 1 0 1 1 0 0 0 0 1 1 0 1 0 0 0 1 1 0 1 1 1 1 0
 0 1 1 1 0 0 1 0 1 0 0 0 1 0 0 1 1 0 0 1 1 1 0 1 0 0 1 1 0 0 0 0 0 1 1 1 0 0 1 1 0 0 0 1 1 1 1 1 0 0
 0 1 1 0 0 0 1 1 1 0 0 0 0 0 0 0 1 0 0 1 1 0 1 0 0 1 1 0 1 1 0 0 1 0 0 0 0 0 0 0 0 0 0 0 1 0 1 1 1 0
 1 0 0 1 0 0 0 0 0 0 0 1 0 0 0 1 1 0 0 0 0 1 1 1 0 0 1 0 1 0 1 0 1 0 0 0 0 0 0 1 0 1 0 0 0 1 0 0 0 0
 0 0 0 0 0 1 1 0 0 1 0 0 0 0 0 1 0 0 0 0 1 0 1 0 1 1 1 0 0 0 1 1 1 0 0 0 1 1 1 0 0 0 0 0 0 1 0 0 0 1
 0 0 0 0 1 1 0 0 0 1 0 1 1 1 1 1 0 1 0 1 1 0 1 0 0 0 0 1 1 0 1 1 0 0 0 1 0 1 1 1 1 0 0 1 0 1 1 1 0 0
 1 1 1 0 0 0 0 1 1 0 0 0 0 0 1 1 0 0 0 0 0 1 0 1 0 0 1 1 1 0 0 0 0 0 0 1 1 0 0 0 0 1 0 0 1 1 1 1 0 0
 0 1 0 0 0 0 1 1 0 1 1 0 1 0 0 0 1 1 1 1 0 1 0 1 0 0 0 0 0 0 1 1 1 0 0 1 1 0 0 0 0 0 0 1 1 0 0 0 1 1
 0 1 1 1 1 0 0 1 0 0 0 0 1 1 0 0 1 1 0 1 0 0 0 1 0 0 1 1 0 0 0 0 1 0 1 0 1 0 0 0 0 0 1 0 0 0 1 0 0 0
 0 0 1 0 0 1 0 0 0 1 1 0 1 0 0 0 0 1 0 1 1 0 1 0 0 1 1 0 1 0 1 0 0 0 0 0 1 0 0 0 0 1 0 1 0 0 0 0 0 0
 0 1 0 1 1 0 1 1 0 1 0 0 1 1 0 0 0 1 1 0 0 1 0 0 0 1 0 0 1 1 0 0 0 0 1 0 0 1 0 0 1 0 0 1 0 0 0 0 0 0
 0 0 0 1 1 0 0 1 1 1 0 0 1 0 0 1 0 1 0 0 1 1 1 0 1 0 0 0 0 0 1 1 0 0 0 0 0 0 0 1 0 0 0 0 1 1 1 1 1 1
 1 0 1 0 1 0 0 0 1 0 0 0 0 0 0 0 0 0 0 1 1 0 0 1 0 0 0 1 1 1 1 1 1 0 0 0 1 0 1 0 1 1 0 0 1 0 0 1 1 1
 0 1 1 0 0 1 1 0 1 0 0 0 0 0 1 1 1 0 0 1 1 1 1 0 1 0 0 1 0 0 0 0 1 1 0 0 0 1 1 0 0 0 1 1 0 1 0 1 1 0
 1 0 0 0 1 0 0 0 1 0 0 0 0 1 0 0 0 0 0 1 0 0 1 1 1 1 0 0 1 0 0 1 1 0 1 1 1 1 0 0 0 0 1 0 1 0 1 0 0 0
 1 1 1 0 0 1 0 0 1 1 0 0 1 0 1 0 1 0 1 1 1 1 1 1 1 1 1 0 0 1 0 1 1 1 0 0 1 1 0 1 0 0 1 0 0 1 0 1 1 1
 0 0 0 1 0 0 0 1 1 1 0 0 0 0 1 1 0 1 1 0 1 1 1 0 0 0 0 0 0 0 0 1 1 1 0 0 1 1 0 0 0 0 1 1 1 0 1 0 0 1
 1 1 1 1 0 0 1 0 0 0 0 1 0 0 1 1 0 1 0 1 1 1 0 0 0 0 0 1 1 1 0 1 0 1 0 0 0 0 1 0 0 0 1 1 1 0 1 0 0 0
 1 0 0 1 1 0 1 0 0 0 0 1 1 0 0 0 0 0 1 0 0 1 0 1 1 1 0 0 0 0 0 0 0 0 0 1 0 0 1 0 0 0 1 1 0 0 1 1 0 0
