50
  118   49   89   21   84   46   20   79   87   65   66   94   87   64   43   52   87   23   22   94   59  101   93   80   51   44   56   78   29  101   93   95   42   75   41   65   68   45  118   57   38   39  118   27   57   34   20  110   82   61
 0 1 1 0 1 0 1 1 1 1 1 1 0 0 1 0 1 0 0 0 1 0 0 0 0 1 0 1 0 1 0 0 1 0 1 0 1 0 0 0 1 0 1 1 0 1 1 1 0 0
 1 0 0 1 0 0 1 1 1 0 0 0 0 0 0 0 1 1 0 0 0 0 1 0 1 0 0 0 1 1 0 0 1 1 0 0 1 0 0 1 1 0 0 0 1 0 1 0 0 0
 1 0 0 0 0 1 0 0 0 0 0 1 0 0 1 0 1 0 0 0 0 0 0 1 1 0 0 1 0 0 1 1 1 1 1 1 1 0 0 1 1 1 1 1 0 1 0 0 1 0
 0 1 0 0 1 0 0 0 1 1 0 0 0 1 1 1 0 1 1 0 1 1 0 0 1 0 1 0 1 0 0 0 0 0 0 0 1 0 0 0 0 0 0 0 1 0 0 1 1 0
 1 0 0 1 0 0 0 1 0 0 0 1 0 0 1 0 0 0 0 0 1 0 1 0 0 1 0 1 0 0 1 1 0 1 1 0 0 1 0 0 1 0 0 0 0 0 1 0 1 1
 0 0 1 0 0 0 1 1 0 0 1 1 0 0 0 1 0 0 0 0 1 0 1 1 0 1 0 0 0 0 0 0 1 1 0 1 1 0 1 0 0 1 1 1 0 1 1 0 0 1
 1 1 0 0 0 1 0 1 0 1 0 0 0 0 1 0 0 1 1 0 1 0 1 1 1 0 0 0 0 0 0 0 0 1 0 1 1 0 0 0 1 0 1 0 0 0 1 0 1 1
 1 1 0 0 1 1 1 0 0 1 1 1 1 1 0 0 0 0 0 1 0 0 0 0 0 1 0 1 0 1 1 1 0 1 0 0 0 0 0 0 1 0 0 0 0 0 0 0 1 0
 1 1 0 1 0 0 0 0 0 0 0 1 1 0 0 1 0 0 0 0 0 0 1 1 0 0 0 0 0 0 0 0 0 0 1 0 0 1 1 1 1 1 0 0 0 1 0 1 1 1
 1 0 0 1 0 0 1 1 0 0 0 0 1 1 1 0 1 1 0 0 1 0 0 1 1 0 0 1 0 0 0 0 1 0 0 0 0 1 0 1 0 1 0 1 0 0 0 1 0 0
 1 0 0 0 0 1 0 1 0 0 0 0 0 1 0 1 1 0 1 0 0 0 0 0 0 1 0 1 0 0 0 0 0 0 0 1 1 0 0 0 1 0 1 1 1 0 0 0 1 0
 1 0 1 0 1 1 0 1 1 0 0 0 1 0 1 0 1 1 1 1 0 0 1 1 0 0 1 0 1 0 0 1 1 1 0 1 0 1 0 0 0 0 0 1 0 0 1 1 1 0
 0 0 0 0 0 0 0 1 1 1 0 1 0 0 1 1 0 1 0 1 0 0 1 1 1 1 0 0 0 0 0 1 0 0 0 0 0 1 0 1 0 0 1 1 0 1 0 1 1 1
 0 0 0 1 0 0 0 1 0 1 1 0 0 0 1 1 0 0 0 0 0 0 0 0 0 0 1 0 1 0 1 0 1 0 0 0 0 1 0 0 1 1 0 1 0 0 1 1 0 0
 1 0 1 1 1 0 1 0 0 1 0 1 1 1 0 0 1 0 0 1 1 0 0 0 1 1 0 0 1 0 0 0 0 0 1 0 0 1 0 1 0 0 1 1 0 1 1 0 0 0
 0 0 0 1 0 1 0 0 1 0 1 0 1 1 0 0 1 0 0 0 0 0 0 0 0 1 0 0 0 1 1 1 0 1 0 1 0 0 1 0 1 0 0 0 0 0 1 0 1 0
 1 1 1 0 0 0 0 0 0 1 1 1 0 0 1 1 0 0 0 0 0 1 0 1 0 0 1 0 0 0 1 0 0 0 1 0 0 1 1 1 0 1 0 1 1 0 0 0 1 1
 0 1 0 1 0 0 1 0 0 1 0 1 1 0 0 0 0 0 0 1 0 1 1 0 1 1 0 0 0 1 0 0 1 1 0 1 0 1 1 0 0 0 0 0 1 1 1 0 1 1
 0 0 0 1 0 0 1 0 0 0 1 1 0 0 0 0 0 0 0 0 0 0 1 1 0 1 1 0 1 1 0 0 1 0 1 1 0 0 1 0 0 0 0 1 0 0 0 0 1 1
 0 0 0 0 0 0 0 1 0 0 0 1 1 0 1 0 0 1 0 0 1 1 0 1 1 0 1 1 0 0 1 1 0 1 0 1 0 1 1 0 1 0 0 0 1 0 0 1 0 0
 1 0 0 1 1 1 1 0 0 1 0 0 0 0 1 0 0 0 0 1 0 0 0 0 0 0 0 0 0 1 0 0 0 0 1 0 0 1 0 1 0 0 1 0 1 0 0 0 0 1
 0 0 0 1 0 0 0 0 0 0 0 0 0 0 0 0 1 1 0 1 0 0 0 0 1 1 0 1 1 0 1 1 0 1 1 1 0 1 1 0 1 0 0 0 0 1 0 0 0 1
 0 1 0 0 1 1 1 0 1 0 0 1 1 0 0 0 0 1 1 0 0 0 0 0 1 0 0 0 1 1 1 1 0 1 0 0 0 0 1 1 0 0 1 0 0 0 1 1 0 0
 0 0 1 0 0 1 1 0 1 1 0 1 1 0 0 0 1 0 1 1 0 0 0 0 0 0 0 0 0 0 1 0 0 0 1 1 1 1 1 0 0 0 0 0 0 1 0 0 1 0
 0 1 1 1 0 0 1 0 0 1 0 0 1 0 1 0 0 1 0 1 0 1 1 0 0 1 1 0 1 0 1 1 1 1 0 0 1 0 0 1 0 1 1 1 0 1 1 1 1 1
 1 0 0 0 1 1 0 1 0 0 1 0 1 0 1 1 0 1 1 0 0 1 0 0 1 0 1 0 1 1 1 1 1 1 0 0 0 1 1 0 1 0 1 0 0 0 1 0 0 0
 0 0 0 1 0 0 0 0 0 0 0 1 0 1 0 0 1 0 1 1 0 0 0 0 1 1 0 1 1 0 0 0 1 0 0 0 1 1 1 0 0 1 1 1 0 0 1 1 1 0
 1 0 1 0 1 0 0 1 0 1 1 0 0 0 0 0 0 0 0 1 0 1 0 0 0 0 1 0 1 1 1 1 0 1 0 0 0 1 1 1 1 0 0 0 0 1 1 0 0 0
 0 1 0 1 0 0 0 0 0 0 0 1 0 1 1 0 0 0 1 0 0 1 1 0 1 1 1 1 0 0 0 1 1 0 0 0 0 1 0 1 1 1 0 0 0 0 1 0 0 0
 1 1 0 0 0 0 0 1 0 0 0 0 0 0 0 1 0 1 1 0 1 0 1 0 0 1 0 1 0 0 0 1 0 0 0 1 1 0 0 1 1 0 1 1 0 0 0 0 0 1
 0 0 1 0 1 0 0 1 0 0 0 0 0 1 0 1 1 0 0 1 0 1 1 1 1 1 0 1 0 0 0 0 1 1 1 1 0 0 1 1 1 0 1 0 1 0 0 0 0 1
 0 0 1 0 1 0 0 1 0 0 0 1 1 0 0 1 0 0 0 1 0 1 1 0 1 1 0 1 1 1 0 0 0 0 0 0 0 0 0 0 1 0 0 0 0 0 0 0 1 1
 1 1 1 0 0 1 0 0 0 1 0 1 0 1 0 0 0 1 1 0 0 0 0 0 1 1 1 0 1 0 1 0 0 0 1 1 0 1 0 0 0 1 0 1 0 1 1 1 0 0
 0 1 1 0 1 1 1 1 0 0 0 1 0 0 0 1 0 1 0 1 0 1 1 0 1 1 0 1 0 0 1 0 0 0 1 0 0 1 0 0 1 1 0 0 0 0 0 1 0 0
 1 0 1 0 1 0 0 0 1 0 0 0 0 0 1 0 1 0 1 0 1 1 0 1 0 0 0 0 0 0 1 0 1 1 0 1 1 1 0 0 0 0 0 0 0 0 0 0 0 0
 0 0 1 0 0 1 1 0 0 0 1 1 0 0 0 1 0 1 1 1 0 1 0 1 0 0 0 0 0 1 1 0 1 0 1 0 1 1 1 0 0 0 1 1 0 0 0 1 1 1
 1 1 1 1 0 1 1 0 0 0 1 0 0 0 0 0 0 0 0 0 0 0 0 1 1 0 1 0 0 1 0 0 0 0 1 1 0 0 1 1 0 0 0 0 0 1 0 1 1 0
 0 0 0 0 1 0 0 0 1 1 0 1 1 1 1 0 1 1 0 1 1 1 0 1 0 1 1 1 1 0 0 0 1 1 1 1 0 0 0 0 1 0 1 0 1 1 0 1 0 1
 0 0 0 0 0 1 0 0 1 0 0 0 0 0 0 1 1 1 1 1 0 1 1 1 0 1 1 1 0 0 1 0 0 0 0 1 1 0 0 0 0 1 0 0 1 1 1 0 0 1
 0 1 1 0 0 0 0 0 1 1 0 0 1 0 1 0 1 0 0 0 1 0 1 0 1 0 0 1 1 1 1 0 0 0 0 0 1 0 0 0 1 0 0 0 1 0 1 0 1 1
 1 1 1 0 1 0 1 1 1 0 1 0 0 1 0 1 0 0 0 1 0 1 0 0 0 1 0 1 1 1 1 1 0 1 0 0 0 1 0 1 0 1 0 1 0 1 0 0 1 1
 0 0 1 0 0 1 0 0 1 1 0 0 0 1 0 0 1 0 0 0 0 0 0 0 1 0 1 0 1 0 0 0 1 1 0 0 0 0 1 0 1 0 0 1 0 0 1 0 0 0
 1 0 1 0 0 1 1 0 0 0 1 0 1 0 1 0 0 0 0 0 1 0 1 0 1 1 1 0 0 1 1 0 0 0 0 1 0 1 0 0 0 0 0 1 0 0 0 1 1 0
 1 0 1 0 0 1 0 0 0 1 1 1 1 1 1 0 1 0 1 0 0 0 0 0 1 0 1 0 0 1 0 0 1 0 0 1 0 0 0 0 1 1 1 0 1 1 0 1 1 0
 0 1 0 1 0 0 0 0 0 0 1 0 0 0 0 0 1 1 0 1 1 0 0 0 0 0 0 0 0 0 1 0 0 0 0 0 0 1 1 1 0 0 0 1 0 0 0 0 1 0
 1 0 1 0 0 1 0 0 1 0 0 0 1 0 1 0 0 1 0 0 0 1 0 1 1 0 0 1 0 0 0 0 1 0 0 0 1 1 1 0 1 0 0 1 0 0 0 0 0 0
 1 1 0 0 1 1 1 0 0 0 0 1 0 1 1 1 0 1 0 0 0 0 1 0 1 1 1 1 1 0 0 0 1 0 0 0 0 0 1 1 0 1 0 0 0 0 0 0 1 0
 1 0 0 1 0 0 0 0 1 1 0 1 1 1 0 0 0 0 0 1 0 0 1 0 1 0 1 0 0 0 0 0 1 1 0 1 1 1 0 0 0 0 1 1 0 0 0 0 1 0
 0 0 1 1 1 0 1 1 1 0 1 1 1 0 0 1 1 1 1 0 0 0 0 1 1 0 1 0 0 0 0 1 0 0 0 1 1 0 0 1 1 0 1 1 1 0 1 1 0 0
 0 0 0 0 1 1 1 0 1 0 0 0 1 0 0 0 1 1 1 0 1 1 0 0 1 0 0 0 0 1 1 1 0 0 0 1 0 1 1 1 1 0 0 0 0 0 0 0 0 0
