50
   38   71   34   74  108   58   76   27  109   27   21   64   53   45  102   97   95   68   76   60   92   29   81  111   87   55   82   32   82   89   46   80   27  118  116   55  115   35   93   93   69  106   74   33   71   56   22  111   31   81
 0 0 1 0 1 1 0 1 1 1 0 0 0 0 0 0 1 1 1 0 0 1 1 1 1 1 0 0 0 1 0 1 0 1 1 0 0 1 0 0 1 1 0 0 1 1 0 1 1 0
 0 0 0 0 0 0 0 0 0 0 0 0 0 0 0 0 0 0 0 1 0 0 1 1 1 0 0 1 0 0 0 1 1 0 1 0 0 0 0 0 0 1 1 1 1 0 0 0 0 1
 1 0 0 0 0 1 0 0 0 0 1 0 0 0 1 0 0 1 0 0 1 1 1 1 0 1 0 1 0 0 0 0 1 1 0 0 0 0 1 0 1 1 0 0 0 0 1 1 1 1
 0 0 0 0 1 0 0 0 1 0 1 0 0 0 1 1 0 0 0 0 0 1 1 0 1 0 1 1 0 1 0 0 1 0 1 0 1 0 0 0 1 1 1 1 0 1 0 0 1 0
 1 0 0 1 0 0 0 1 1 0 0 0 0 1 0 1 0 0 0 1 1 0 0 1 0 1 1 0 1 0 0 1 1 0 0 0 1 1 1 0 1 0 0 1 0 0 0 1 1 0
 1 0 1 0 0 0 1 0 1 1 1 0 1 0 0 0 1 1 1 1 0 0 1 1 1 0 0 0 0 0 0 1 1 1 0 0 0 1 0 1 0 0 0 1 1 0 1 0 0 1
 0 0 0 0 0 1 0 0 0 0 0 0 0 0 0 0 0 0 1 0 0 0 1 1 0 0 1 0 1 0 1 0 0 1 1 1 0 1 1 0 1 1 0 1 0 1 0 0 0 0
 1 0 0 0 1 0 0 0 1 0 0 0 0 0 0 0 1 0 0 1 1 0 1 0 1 1 1 1 1 1 0 0 0 1 0 0 0 0 0 0 0 1 1 0 0 0 0 0 0 0
 1 0 0 1 1 1 0 1 0 1 0 1 0 0 0 1 0 0 1 0 1 0 0 0 0 1 0 0 1 1 0 0 0 0 1 1 1 1 0 0 0 0 0 1 0 0 0 0 1 1
 1 0 0 0 0 1 0 0 1 0 1 0 0 0 0 1 0 1 0 0 0 1 0 1 0 1 1 0 0 1 1 0 0 0 0 0 1 1 0 1 1 0 0 0 1 0 0 1 0 1
 0 0 1 1 0 1 0 0 0 1 0 1 1 1 0 0 0 1 0 1 0 0 1 0 1 0 1 1 0 0 0 0 0 0 1 0 0 0 1 0 0 0 1 0 0 0 1 0 0 1
 0 0 0 0 0 0 0 0 1 0 1 0 1 1 0 1 1 1 1 0 0 0 1 1 1 1 0 1 0 1 0 0 0 0 0 1 1 1 0 0 1 0 1 0 0 1 1 1 0 0
 0 0 0 0 0 1 0 0 0 0 1 1 0 0 0 0 1 0 0 1 1 0 1 0 0 1 1 0 0 1 1 0 0 0 1 1 0 0 0 0 1 0 0 1 1 0 0 1 0 0
 0 0 0 0 1 0 0 0 0 0 1 1 0 0 1 0 1 1 0 1 1 0 1 0 1 0 1 0 0 0 0 1 1 0 0 1 0 0 0 1 0 0 0 1 0 0 1 0 0 0
 0 0 1 1 0 0 0 0 0 0 0 0 0 1 0 0 0 0 1 1 0 1 1 0 0 0 0 1 0 1 0 1 1 0 1 1 1 0 1 0 0 0 1 1 0 0 1 0 1 1
 0 0 0 1 1 0 0 0 1 1 0 1 0 0 0 0 0 0 0 0 0 0 0 1 0 1 0 0 0 1 0 0 0 0 0 1 0 0 0 1 1 0 0 0 0 1 0 0 0 1
 1 0 0 0 0 1 0 1 0 0 0 1 1 1 0 0 0 0 1 0 0 0 0 1 1 0 0 0 0 1 0 0 0 1 1 1 0 1 1 0 1 0 0 0 1 1 0 0 1 0
 1 0 1 0 0 1 0 0 0 1 1 1 0 1 0 0 0 0 0 0 0 1 1 1 0 1 1 0 1 1 0 1 1 0 1 0 0 1 1 0 1 1 0 1 0 0 1 1 0 1
 1 0 0 0 0 1 1 0 1 0 0 1 0 0 1 0 1 0 0 0 1 0 0 0 0 1 0 1 1 0 0 1 1 1 0 0 0 1 1 1 1 0 0 1 1 1 0 0 1 0
 0 1 0 0 1 1 0 1 0 0 1 0 1 1 1 0 0 0 0 0 1 0 0 1 0 0 1 0 0 0 1 0 0 1 0 1 1 0 1 0 1 0 0 0 1 0 0 0 1 1
 0 0 1 0 1 0 0 1 1 0 0 0 1 1 0 0 0 0 1 1 0 1 1 0 0 1 1 0 0 0 1 1 0 1 0 0 0 0 0 1 1 0 0 0 0 1 0 0 0 0
 1 0 1 1 0 0 0 0 0 1 0 0 0 0 1 0 0 1 0 0 1 0 0 1 1 0 0 1 1 1 1 1 1 0 1 0 0 1 0 0 0 0 0 1 1 0 0 0 1 0
 1 1 1 1 0 1 1 1 0 0 1 1 1 1 1 0 0 1 0 0 1 0 0 1 0 0 0 1 0 1 0 1 0 0 0 1 0 0 0 0 1 1 0 0 0 0 0 1 0 1
 1 1 1 0 1 1 1 0 0 1 0 1 0 0 0 1 1 1 0 1 0 1 1 0 0 0 0 0 0 1 0 1 0 1 0 0 0 0 0 0 0 1 1 1 0 0 0 0 0 1
 1 1 0 1 0 1 0 1 0 0 1 1 0 1 0 0 1 0 0 0 0 1 0 0 0 1 1 1 0 0 0 1 1 0 1 1 0 1 1 0 0 0 0 0 1 1 0 0 0 0
 1 0 1 0 1 0 0 1 1 1 0 1 1 0 0 1 0 1 1 0 1 0 0 0 1 0 1 0 0 1 0 1 1 0 0 0 1 1 1 0 0 0 0 0 0 0 1 1 1 1
 0 0 0 1 1 0 1 1 0 1 1 0 1 1 0 0 0 1 0 1 1 0 0 0 1 1 0 1 1 0 0 1 0 0 0 0 0 0 0 1 1 0 1 0 0 0 0 0 1 0
 0 1 1 1 0 0 0 1 0 0 1 1 0 0 1 0 0 0 1 0 0 1 1 0 1 0 1 0 1 1 1 1 0 0 0 0 1 1 1 1 0 0 1 1 0 1 0 1 1 0
 0 0 0 0 1 0 1 1 1 0 0 0 0 0 0 0 0 1 1 0 0 1 0 0 0 0 1 1 0 0 1 0 0 0 1 0 1 0 1 1 1 0 1 0 1 1 1 0 1 0
 1 0 0 1 0 0 0 1 1 1 0 1 1 0 1 1 1 1 0 0 0 1 1 1 0 1 0 1 0 0 0 1 0 1 0 1 0 0 0 0 1 1 0 0 0 0 0 0 0 1
 0 0 0 0 0 0 1 0 0 1 0 0 1 0 0 0 0 0 0 1 1 1 0 0 0 0 0 1 1 0 0 0 0 1 1 0 1 1 0 0 1 0 0 0 1 0 1 1 0 1
 1 1 0 0 1 1 0 0 0 0 0 0 0 1 1 0 0 1 1 0 1 1 1 1 1 1 1 1 0 1 0 0 0 1 1 0 0 1 0 1 0 0 0 1 1 1 0 1 1 0
 0 1 1 1 1 1 0 0 0 0 0 0 0 1 1 0 0 1 1 0 0 1 0 0 1 1 0 0 0 0 0 0 0 1 1 1 1 0 1 0 0 0 1 1 0 0 1 0 0 0
 1 0 1 0 0 1 1 1 0 0 0 0 0 0 0 0 1 0 1 1 1 0 0 1 0 0 0 0 0 1 1 1 1 0 1 1 0 1 1 1 1 1 1 0 1 0 1 0 0 0
 1 1 0 1 0 0 1 0 1 0 1 0 1 0 1 0 1 1 0 0 0 1 0 0 1 0 0 0 1 0 1 1 1 1 0 0 0 0 0 0 1 1 0 0 0 1 1 0 0 1
 0 0 0 0 0 0 1 0 1 0 0 1 1 1 1 1 1 0 0 1 0 0 1 0 1 0 0 0 0 1 0 0 1 1 0 0 0 0 1 0 0 0 1 0 0 0 0 0 1 1
 0 0 0 1 1 0 0 0 1 1 0 1 0 0 1 0 0 0 0 1 0 0 0 0 0 1 0 1 1 0 1 0 1 0 0 0 0 1 0 0 0 1 0 1 1 0 1 1 1 0
 1 0 0 0 1 1 1 0 1 1 0 1 0 0 0 0 1 1 1 0 0 1 0 0 1 1 0 1 0 0 1 1 0 1 0 0 1 0 1 0 0 0 0 0 0 0 0 1 0 1
 0 0 1 0 1 0 1 0 0 0 1 0 0 0 1 0 1 1 1 1 0 0 0 0 1 1 0 1 1 0 0 0 1 1 0 1 0 1 0 0 0 0 0 0 0 1 0 1 0 1
 0 0 0 0 0 1 0 0 0 1 0 0 0 1 0 1 0 0 1 0 1 0 0 0 0 0 1 1 1 0 0 1 0 1 0 0 0 0 0 0 0 0 0 1 0 0 0 1 0 0
 1 0 1 1 1 0 1 0 0 1 0 1 1 0 0 1 1 1 1 1 1 0 1 0 0 0 1 0 1 1 1 0 0 1 1 0 0 0 0 0 0 0 0 1 0 1 1 1 1 1
 1 1 1 1 0 0 1 1 0 0 0 0 0 0 0 0 0 1 0 0 0 0 1 1 0 0 0 0 0 1 0 0 0 1 1 0 1 0 0 0 0 0 0 0 0 0 1 0 1 0
 0 1 0 1 0 0 0 1 0 0 1 1 0 0 1 0 0 0 0 0 0 0 0 1 0 0 1 1 1 0 0 0 1 1 0 1 0 0 0 0 0 0 0 1 0 1 0 1 1 1
 0 1 0 1 1 1 1 0 1 0 0 0 1 1 1 0 0 1 1 0 0 1 0 1 0 0 0 1 0 0 0 1 1 0 0 0 1 0 0 1 1 0 1 0 0 0 0 1 0 1
 1 1 0 0 0 1 0 0 0 1 0 0 1 0 0 0 1 0 1 1 0 1 0 0 1 0 0 0 1 0 1 1 0 1 0 0 1 0 0 0 0 0 0 0 0 1 0 0 1 0
 1 0 0 1 0 0 1 0 0 0 0 1 0 0 0 1 1 0 1 0 1 0 0 0 1 0 0 1 1 0 0 1 0 0 1 0 0 0 1 0 1 0 1 0 1 0 1 0 0 1
 0 0 1 0 0 1 0 0 0 0 1 1 0 1 1 0 0 1 0 0 0 0 0 0 0 1 0 0 1 0 1 0 1 1 1 0 1 0 0 0 1 1 0 0 0 1 0 1 0 0
 1 0 1 0 1 0 0 0 0 1 0 1 1 0 0 0 0 1 0 0 0 0 1 0 0 1 0 1 0 0 1 1 0 0 0 0 1 1 1 1 1 0 1 1 0 0 1 0 0 0
 1 0 1 1 1 0 0 0 1 0 0 0 0 0 1 0 1 0 1 1 0 1 0 0 0 1 1 1 1 0 0 1 0 0 0 1 1 0 0 0 1 1 1 0 1 0 0 0 0 0
 0 1 1 0 0 1 0 0 1 1 1 0 0 0 1 1 0 1 0 1 0 0 1 1 0 1 0 0 0 1 1 0 0 0 1 1 0 1 1 0 1 0 1 1 0 1 0 0 0 0
