50
  199  576  381  915  110  453  168  707  944  345  309  592  702  847   91  218  286  276  427  141  644  723  618  301  435  576  747  317  781  146  610  246  721  225  260  637 1025  103  216  209  593  544  208  426  169   69 1002  700  495  470
 0 1 1 0 1 1 0 1 1 0 1 0 1 0 0 1 0 1 1 1 1 0 1 0 1 0 1 1 0 0 1 0 1 0 0 1 0 0 0 1 1 0 1 0 1 0 1 1 0 0
 1 0 1 0 1 1 0 0 1 0 0 0 1 1 1 1 1 0 0 1 1 0 0 1 1 1 1 0 0 0 1 0 1 1 1 1 1 1 1 1 0 0 0 1 1 0 1 0 1 0
 1 1 0 0 0 1 0 1 1 1 0 0 1 1 1 0 1 1 0 1 1 0 1 0 1 0 0 0 1 1 1 0 1 1 0 1 1 1 0 1 0 1 0 1 1 0 1 0 1 0
 0 0 0 0 1 1 0 1 1 1 1 1 1 1 1 0 1 1 0 1 1 1 1 0 1 1 0 0 1 1 1 1 1 1 0 0 1 1 0 1 0 1 0 1 1 1 1 1 1 0
 1 1 0 1 0 1 0 0 1 0 0 0 1 1 0 0 0 0 0 1 1 0 0 0 0 0 1 1 1 1 0 1 1 0 0 1 0 1 0 1 1 1 0 0 0 1 1 1 0 0
 1 1 1 1 1 0 1 1 1 1 1 1 0 1 1 0 1 0 1 0 0 1 1 0 1 1 0 0 1 0 1 0 0 0 1 1 1 0 1 1 0 1 0 1 0 1 1 1 1 1
 0 0 0 0 0 1 0 1 1 1 0 0 1 1 1 0 0 0 0 0 1 1 1 1 0 0 1 0 1 1 0 1 1 1 1 0 1 1 0 1 1 0 0 1 1 1 0 1 1 1
 1 0 1 1 0 1 1 0 1 0 1 1 0 1 1 1 1 1 1 1 1 1 1 1 1 1 0 1 1 1 0 0 1 1 1 0 1 1 1 1 1 1 1 0 1 1 0 1 1 1
 1 1 1 1 1 1 1 1 0 1 1 1 1 0 0 1 1 1 0 1 1 1 1 1 1 1 1 0 1 1 1 0 1 0 0 1 1 0 1 0 1 0 1 0 0 0 0 0 1 1
 0 0 1 1 0 1 1 0 1 0 0 1 1 1 1 0 0 0 0 1 1 0 0 1 1 1 0 1 1 0 0 1 0 0 0 1 0 0 1 0 0 1 1 0 0 0 1 0 0 0
 1 0 0 1 0 1 0 1 1 0 0 1 0 1 1 1 0 0 1 1 1 0 1 1 1 1 0 1 1 1 1 1 1 1 1 1 1 0 1 1 1 1 0 1 0 0 0 1 1 1
 0 0 0 1 0 1 0 1 1 1 1 0 0 1 1 1 1 0 0 0 1 0 1 1 1 0 1 1 0 1 0 0 1 0 0 1 1 0 0 1 0 0 1 1 1 0 1 0 0 1
 1 1 1 1 1 0 1 0 1 1 0 0 0 1 1 1 0 0 1 1 0 1 1 1 1 0 1 1 0 1 1 0 0 1 1 1 1 0 0 0 0 0 1 1 0 1 1 0 1 1
 0 1 1 1 1 1 1 1 0 1 1 1 1 0 1 1 1 1 0 1 1 1 1 1 0 1 1 1 0 0 1 1 0 1 0 1 1 1 1 1 0 1 1 1 1 1 0 1 0 1
 0 1 1 1 0 1 1 1 0 1 1 1 1 1 0 1 1 1 0 1 1 0 1 0 0 1 1 1 1 0 1 1 0 1 1 1 1 0 1 0 1 0 1 1 0 1 1 0 1 0
 1 1 0 0 0 0 0 1 1 0 1 1 1 1 1 0 1 1 0 0 1 1 0 0 1 1 1 0 0 0 0 1 1 0 1 0 1 1 0 0 1 0 0 1 0 1 0 1 1 0
 0 1 1 1 0 1 0 1 1 0 0 1 0 1 1 1 0 1 1 1 1 0 1 0 1 1 0 1 1 1 1 0 1 1 1 0 1 1 0 0 1 1 1 1 0 1 0 1 0 0
 1 0 1 1 0 0 0 1 1 0 0 0 0 1 1 1 1 0 0 1 1 1 0 0 0 0 1 1 1 1 1 1 0 1 0 1 1 0 0 1 1 1 1 0 0 1 1 0 1 0
 1 0 0 0 0 1 0 1 0 0 1 0 1 0 0 0 1 0 0 0 0 1 0 1 1 1 1 1 1 1 1 0 0 1 0 1 1 0 1 1 1 0 1 0 1 1 1 1 1 0
 1 1 1 1 1 0 0 1 1 1 1 0 1 1 1 0 1 1 0 0 0 0 1 0 0 0 0 1 1 1 0 1 0 0 0 1 0 1 0 1 0 1 1 1 0 0 1 1 0 0
 1 1 1 1 1 0 1 1 1 1 1 1 0 1 1 1 1 1 0 0 0 0 1 0 0 1 1 0 1 0 1 1 0 1 1 1 1 1 1 0 0 1 0 0 0 0 0 1 0 1
 0 0 0 1 0 1 1 1 1 0 0 0 1 1 0 1 0 1 1 0 0 0 0 1 0 1 1 0 1 0 1 0 1 1 1 0 0 0 1 1 1 1 0 1 1 1 0 0 1 1
 1 0 1 1 0 1 1 1 1 0 1 1 1 1 1 0 1 0 0 1 1 0 0 0 1 1 0 0 0 0 1 1 1 1 0 0 0 0 0 1 0 1 1 0 1 1 1 0 1 1
 0 1 0 0 0 0 1 1 1 1 1 1 1 1 0 0 0 0 1 0 0 1 0 0 1 0 0 0 1 1 1 0 0 1 1 1 0 1 1 0 1 1 0 0 1 1 0 0 0 1
 1 1 1 1 0 1 0 1 1 1 1 1 1 0 0 1 1 0 1 0 0 0 1 1 0 0 1 1 1 1 1 1 0 1 1 0 1 0 0 0 0 1 1 1 1 1 1 0 0 1
 0 1 0 1 0 1 0 1 1 1 1 0 0 1 1 1 1 0 1 0 1 1 1 0 0 0 1 1 1 1 1 1 0 1 1 1 0 1 1 1 1 1 1 1 1 0 0 0 1 1
 1 1 0 0 1 0 1 0 1 0 0 1 1 1 1 1 0 1 1 0 1 1 0 0 1 1 0 0 1 1 0 1 0 1 1 1 1 0 0 1 0 1 0 1 1 0 1 0 1 1
 1 0 0 0 1 0 0 1 0 1 1 1 1 1 1 0 1 1 1 1 0 0 0 0 1 1 0 0 0 1 1 0 0 1 1 0 0 1 1 0 0 1 1 1 1 1 1 1 0 1
 0 0 1 1 1 1 1 1 1 1 1 0 0 0 1 0 1 1 1 1 1 1 0 1 1 1 1 0 0 1 1 0 0 1 0 1 1 0 0 0 0 1 1 0 1 1 1 0 0 1
 0 0 1 1 1 0 1 1 1 0 1 1 1 0 0 0 1 1 1 1 0 0 0 1 1 1 1 1 1 0 0 1 1 0 1 1 1 0 1 1 1 1 0 1 1 0 1 1 0 1
 1 1 1 1 0 1 0 0 1 0 1 0 1 1 1 0 1 1 1 0 1 1 1 1 1 1 0 1 1 0 0 1 0 1 1 1 0 1 1 1 1 0 1 0 1 0 1 1 0 1
 0 0 0 1 1 0 1 0 0 1 1 0 0 1 1 1 0 1 0 1 1 0 1 0 1 1 1 0 0 1 1 0 1 0 0 0 0 1 1 0 1 1 1 0 0 1 0 1 1 1
 1 1 1 1 1 0 1 1 1 0 1 1 0 0 0 1 1 0 0 0 0 1 1 0 0 0 0 0 0 1 0 1 0 1 1 1 1 1 1 0 1 0 0 1 1 1 1 1 1 0
 0 1 1 1 0 0 1 1 0 0 1 0 1 1 1 0 1 1 1 0 1 1 1 1 1 1 1 1 1 0 1 0 1 0 1 1 1 1 1 0 1 1 0 0 1 1 1 0 0 1
 0 1 0 0 0 1 1 1 0 0 1 0 1 0 1 1 1 0 0 0 1 1 0 1 1 1 1 1 0 1 1 0 1 1 0 0 1 0 1 1 1 0 0 0 1 1 0 0 0 0
 1 1 1 0 1 1 0 0 1 1 1 1 1 1 1 0 0 1 1 1 1 0 0 1 0 1 1 0 1 1 1 0 1 1 0 0 0 1 1 1 0 0 1 0 1 1 1 0 0 1
 0 1 1 1 0 1 1 1 1 0 1 1 1 1 1 1 1 1 1 0 1 0 0 0 1 0 1 0 1 1 0 0 1 1 1 0 0 0 1 1 1 1 1 0 1 1 1 1 1 0
 0 1 1 1 1 0 1 1 0 0 0 0 0 1 0 1 1 0 0 1 1 0 0 1 0 1 0 1 0 0 1 1 1 1 0 1 0 0 0 0 1 0 1 0 1 0 1 1 1 1
 0 1 0 0 0 1 0 1 1 1 1 0 0 1 1 0 0 0 1 0 1 1 0 1 0 1 0 1 0 1 1 1 1 1 1 1 1 0 0 1 1 1 0 0 0 1 0 1 1 0
 1 1 1 1 1 1 1 1 0 0 1 1 0 1 0 0 0 1 1 1 0 1 1 0 0 1 1 0 0 1 1 0 0 0 1 1 1 0 1 0 1 1 0 0 1 1 1 1 1 1
 1 0 0 0 1 0 1 1 1 0 1 0 0 0 1 1 1 1 1 0 0 1 0 1 0 1 0 0 0 1 1 1 1 1 1 0 1 1 1 1 0 0 1 0 0 0 1 1 0 1
 0 0 1 1 1 1 0 1 0 1 1 0 0 1 0 0 1 1 0 1 1 1 1 1 1 1 1 1 1 1 0 1 0 1 0 0 1 0 1 1 0 0 1 0 1 1 0 1 1 1
 1 0 0 0 0 0 0 1 1 1 0 1 1 1 1 0 1 1 1 1 0 0 1 0 1 1 0 1 1 0 1 1 0 0 0 1 1 1 0 0 1 1 0 0 1 1 1 1 1 0
 0 1 1 1 0 1 1 0 0 0 1 1 1 1 1 1 1 0 0 1 0 1 0 0 1 1 1 1 0 1 0 0 1 0 0 0 0 0 0 0 0 0 0 0 0 1 1 1 0 1
 1 1 1 1 0 0 1 1 0 0 0 1 0 1 0 0 0 0 1 0 0 1 1 1 1 1 1 1 1 1 1 0 1 1 1 1 1 1 0 1 0 1 1 0 0 1 1 1 1 1
 0 0 0 1 1 1 1 1 0 0 0 0 1 1 1 1 1 1 1 0 0 1 1 1 1 0 0 1 1 0 0 1 1 1 1 1 1 0 1 1 0 1 1 1 1 0 1 0 0 1
 1 1 1 1 1 1 0 0 0 1 0 1 1 0 1 0 0 1 1 1 0 0 1 0 1 0 1 1 1 1 1 0 1 1 0 1 1 1 0 1 1 0 1 1 1 1 0 1 0 1
 1 0 0 1 1 1 1 1 0 0 1 0 0 1 0 1 1 0 1 1 1 0 0 0 0 0 0 1 0 1 1 1 1 0 0 0 1 1 1 1 1 1 1 1 1 0 1 0 0 1
 0 1 1 1 0 1 1 1 1 0 1 0 1 0 1 1 0 1 1 0 0 1 1 0 0 1 1 0 0 0 0 1 1 0 0 0 1 1 1 1 0 1 1 0 1 0 0 0 0 0
 0 0 0 0 0 1 1 1 1 0 1 1 1 1 0 0 0 0 0 0 1 1 1 1 1 1 1 1 1 1 1 1 0 1 0 1 0 1 0 1 1 1 0 1 1 1 1 1 0 0
